,0
0,"POLYGON ((-93.3291586076093 44.8870336893843, -93.32281195328171 44.8870336893843, -93.32281195328171 44.89153029120293, -93.3291586076093 44.89153029120293, -93.3291586076093 44.8870336893843))"
1,"POLYGON ((-93.3291586076093 44.89153029120293, -93.32281195328171 44.89153029120293, -93.32281195328171 44.89602689302155, -93.3291586076093 44.89602689302155, -93.3291586076093 44.89153029120293))"
2,"POLYGON ((-93.3291586076093 44.89602689302155, -93.32281195328171 44.89602689302155, -93.32281195328171 44.90052349484017, -93.3291586076093 44.90052349484017, -93.3291586076093 44.89602689302155))"
3,"POLYGON ((-93.3291586076093 44.90052349484017, -93.32281195328171 44.90052349484017, -93.32281195328171 44.9050200966588, -93.3291586076093 44.9050200966588, -93.3291586076093 44.90052349484017))"
4,"POLYGON ((-93.3291586076093 44.9050200966588, -93.32281195328171 44.9050200966588, -93.32281195328171 44.90951669847742, -93.3291586076093 44.90951669847742, -93.3291586076093 44.9050200966588))"
5,"POLYGON ((-93.3291586076093 44.90951669847742, -93.32281195328171 44.90951669847742, -93.32281195328171 44.91401330029604, -93.3291586076093 44.91401330029604, -93.3291586076093 44.90951669847742))"
6,"POLYGON ((-93.3291586076093 44.91401330029604, -93.32281195328171 44.91401330029604, -93.32281195328171 44.91850990211466, -93.3291586076093 44.91850990211466, -93.3291586076093 44.91401330029604))"
7,"POLYGON ((-93.3291586076093 44.91850990211466, -93.32281195328171 44.91850990211466, -93.32281195328171 44.92300650393329, -93.3291586076093 44.92300650393329, -93.3291586076093 44.91850990211466))"
8,"POLYGON ((-93.3291586076093 44.92300650393329, -93.32281195328171 44.92300650393329, -93.32281195328171 44.92750310575191, -93.3291586076093 44.92750310575191, -93.3291586076093 44.92300650393329))"
9,"POLYGON ((-93.3291586076093 44.92750310575191, -93.32281195328171 44.92750310575191, -93.32281195328171 44.93199970757053, -93.3291586076093 44.93199970757053, -93.3291586076093 44.92750310575191))"
10,"POLYGON ((-93.3291586076093 44.93199970757053, -93.32281195328171 44.93199970757053, -93.32281195328171 44.93649630938916, -93.3291586076093 44.93649630938916, -93.3291586076093 44.93199970757053))"
11,"POLYGON ((-93.3291586076093 44.93649630938916, -93.32281195328171 44.93649630938916, -93.32281195328171 44.94099291120778, -93.3291586076093 44.94099291120778, -93.3291586076093 44.93649630938916))"
12,"POLYGON ((-93.3291586076093 44.94099291120778, -93.32281195328171 44.94099291120778, -93.32281195328171 44.9454895130264, -93.3291586076093 44.9454895130264, -93.3291586076093 44.94099291120778))"
13,"POLYGON ((-93.3291586076093 44.9454895130264, -93.32281195328171 44.9454895130264, -93.32281195328171 44.94998611484503, -93.3291586076093 44.94998611484503, -93.3291586076093 44.9454895130264))"
14,"POLYGON ((-93.3291586076093 44.94998611484503, -93.32281195328171 44.94998611484503, -93.32281195328171 44.95448271666365, -93.3291586076093 44.95448271666365, -93.3291586076093 44.94998611484503))"
15,"POLYGON ((-93.3291586076093 44.95448271666365, -93.32281195328171 44.95448271666365, -93.32281195328171 44.95897931848227, -93.3291586076093 44.95897931848227, -93.3291586076093 44.95448271666365))"
16,"POLYGON ((-93.3291586076093 44.95897931848227, -93.32281195328171 44.95897931848227, -93.32281195328171 44.96347592030089, -93.3291586076093 44.96347592030089, -93.3291586076093 44.95897931848227))"
17,"POLYGON ((-93.3291586076093 44.96347592030089, -93.32281195328171 44.96347592030089, -93.32281195328171 44.96797252211952, -93.3291586076093 44.96797252211952, -93.3291586076093 44.96347592030089))"
18,"POLYGON ((-93.3291586076093 44.96797252211952, -93.32281195328171 44.96797252211952, -93.32281195328171 44.97246912393814, -93.3291586076093 44.97246912393814, -93.3291586076093 44.96797252211952))"
19,"POLYGON ((-93.3291586076093 44.97246912393814, -93.32281195328171 44.97246912393814, -93.32281195328171 44.97696572575676, -93.3291586076093 44.97696572575676, -93.3291586076093 44.97246912393814))"
20,"POLYGON ((-93.3291586076093 44.97696572575676, -93.32281195328171 44.97696572575676, -93.32281195328171 44.98146232757539, -93.3291586076093 44.98146232757539, -93.3291586076093 44.97696572575676))"
21,"POLYGON ((-93.3291586076093 44.98146232757539, -93.32281195328171 44.98146232757539, -93.32281195328171 44.98595892939401, -93.3291586076093 44.98595892939401, -93.3291586076093 44.98146232757539))"
22,"POLYGON ((-93.3291586076093 44.98595892939401, -93.32281195328171 44.98595892939401, -93.32281195328171 44.99045553121263, -93.3291586076093 44.99045553121263, -93.3291586076093 44.98595892939401))"
23,"POLYGON ((-93.3291586076093 44.99045553121263, -93.32281195328171 44.99045553121263, -93.32281195328171 44.99495213303125, -93.3291586076093 44.99495213303125, -93.3291586076093 44.99045553121263))"
24,"POLYGON ((-93.3291586076093 44.99495213303125, -93.32281195328171 44.99495213303125, -93.32281195328171 44.99944873484988, -93.3291586076093 44.99944873484988, -93.3291586076093 44.99495213303125))"
25,"POLYGON ((-93.3291586076093 44.99944873484988, -93.32281195328171 44.99944873484988, -93.32281195328171 45.0039453366685, -93.3291586076093 45.0039453366685, -93.3291586076093 44.99944873484988))"
26,"POLYGON ((-93.3291586076093 45.0039453366685, -93.32281195328171 45.0039453366685, -93.32281195328171 45.00844193848712, -93.3291586076093 45.00844193848712, -93.3291586076093 45.0039453366685))"
27,"POLYGON ((-93.3291586076093 45.00844193848712, -93.32281195328171 45.00844193848712, -93.32281195328171 45.01293854030575, -93.3291586076093 45.01293854030575, -93.3291586076093 45.00844193848712))"
28,"POLYGON ((-93.3291586076093 45.01293854030575, -93.32281195328171 45.01293854030575, -93.32281195328171 45.01743514212437, -93.3291586076093 45.01743514212437, -93.3291586076093 45.01293854030575))"
29,"POLYGON ((-93.3291586076093 45.01743514212437, -93.32281195328171 45.01743514212437, -93.32281195328171 45.02193174394299, -93.3291586076093 45.02193174394299, -93.3291586076093 45.01743514212437))"
30,"POLYGON ((-93.3291586076093 45.02193174394299, -93.32281195328171 45.02193174394299, -93.32281195328171 45.02642834576162, -93.3291586076093 45.02642834576162, -93.3291586076093 45.02193174394299))"
31,"POLYGON ((-93.3291586076093 45.02642834576162, -93.32281195328171 45.02642834576162, -93.32281195328171 45.03092494758024, -93.3291586076093 45.03092494758024, -93.3291586076093 45.02642834576162))"
32,"POLYGON ((-93.3291586076093 45.03092494758024, -93.32281195328171 45.03092494758024, -93.32281195328171 45.03542154939886, -93.3291586076093 45.03542154939886, -93.3291586076093 45.03092494758024))"
33,"POLYGON ((-93.3291586076093 45.03542154939886, -93.32281195328171 45.03542154939886, -93.32281195328171 45.03991815121748, -93.3291586076093 45.03991815121748, -93.3291586076093 45.03542154939886))"
34,"POLYGON ((-93.3291586076093 45.03991815121748, -93.32281195328171 45.03991815121748, -93.32281195328171 45.04441475303611, -93.3291586076093 45.04441475303611, -93.3291586076093 45.03991815121748))"
35,"POLYGON ((-93.3291586076093 45.04441475303611, -93.32281195328171 45.04441475303611, -93.32281195328171 45.04891135485473, -93.3291586076093 45.04891135485473, -93.3291586076093 45.04441475303611))"
36,"POLYGON ((-93.3291586076093 45.04891135485473, -93.32281195328171 45.04891135485473, -93.32281195328171 45.05340795667335, -93.3291586076093 45.05340795667335, -93.3291586076093 45.04891135485473))"
37,"POLYGON ((-93.32281195328171 44.8870336893843, -93.31646529895413 44.8870336893843, -93.31646529895413 44.89153029120293, -93.32281195328171 44.89153029120293, -93.32281195328171 44.8870336893843))"
38,"POLYGON ((-93.32281195328171 44.89153029120293, -93.31646529895413 44.89153029120293, -93.31646529895413 44.89602689302155, -93.32281195328171 44.89602689302155, -93.32281195328171 44.89153029120293))"
39,"POLYGON ((-93.32281195328171 44.89602689302155, -93.31646529895413 44.89602689302155, -93.31646529895413 44.90052349484017, -93.32281195328171 44.90052349484017, -93.32281195328171 44.89602689302155))"
40,"POLYGON ((-93.32281195328171 44.90052349484017, -93.31646529895413 44.90052349484017, -93.31646529895413 44.9050200966588, -93.32281195328171 44.9050200966588, -93.32281195328171 44.90052349484017))"
41,"POLYGON ((-93.32281195328171 44.9050200966588, -93.31646529895413 44.9050200966588, -93.31646529895413 44.90951669847742, -93.32281195328171 44.90951669847742, -93.32281195328171 44.9050200966588))"
42,"POLYGON ((-93.32281195328171 44.90951669847742, -93.31646529895413 44.90951669847742, -93.31646529895413 44.91401330029604, -93.32281195328171 44.91401330029604, -93.32281195328171 44.90951669847742))"
43,"POLYGON ((-93.32281195328171 44.91401330029604, -93.31646529895413 44.91401330029604, -93.31646529895413 44.91850990211466, -93.32281195328171 44.91850990211466, -93.32281195328171 44.91401330029604))"
44,"POLYGON ((-93.32281195328171 44.91850990211466, -93.31646529895413 44.91850990211466, -93.31646529895413 44.92300650393329, -93.32281195328171 44.92300650393329, -93.32281195328171 44.91850990211466))"
45,"POLYGON ((-93.32281195328171 44.92300650393329, -93.31646529895413 44.92300650393329, -93.31646529895413 44.92750310575191, -93.32281195328171 44.92750310575191, -93.32281195328171 44.92300650393329))"
46,"POLYGON ((-93.32281195328171 44.92750310575191, -93.31646529895413 44.92750310575191, -93.31646529895413 44.93199970757053, -93.32281195328171 44.93199970757053, -93.32281195328171 44.92750310575191))"
47,"POLYGON ((-93.32281195328171 44.93199970757053, -93.31646529895413 44.93199970757053, -93.31646529895413 44.93649630938916, -93.32281195328171 44.93649630938916, -93.32281195328171 44.93199970757053))"
48,"POLYGON ((-93.32281195328171 44.93649630938916, -93.31646529895413 44.93649630938916, -93.31646529895413 44.94099291120778, -93.32281195328171 44.94099291120778, -93.32281195328171 44.93649630938916))"
49,"POLYGON ((-93.32281195328171 44.94099291120778, -93.31646529895413 44.94099291120778, -93.31646529895413 44.9454895130264, -93.32281195328171 44.9454895130264, -93.32281195328171 44.94099291120778))"
50,"POLYGON ((-93.32281195328171 44.9454895130264, -93.31646529895413 44.9454895130264, -93.31646529895413 44.94998611484503, -93.32281195328171 44.94998611484503, -93.32281195328171 44.9454895130264))"
51,"POLYGON ((-93.32281195328171 44.94998611484503, -93.31646529895413 44.94998611484503, -93.31646529895413 44.95448271666365, -93.32281195328171 44.95448271666365, -93.32281195328171 44.94998611484503))"
52,"POLYGON ((-93.32281195328171 44.95448271666365, -93.31646529895413 44.95448271666365, -93.31646529895413 44.95897931848227, -93.32281195328171 44.95897931848227, -93.32281195328171 44.95448271666365))"
53,"POLYGON ((-93.32281195328171 44.95897931848227, -93.31646529895413 44.95897931848227, -93.31646529895413 44.96347592030089, -93.32281195328171 44.96347592030089, -93.32281195328171 44.95897931848227))"
54,"POLYGON ((-93.32281195328171 44.96347592030089, -93.31646529895413 44.96347592030089, -93.31646529895413 44.96797252211952, -93.32281195328171 44.96797252211952, -93.32281195328171 44.96347592030089))"
55,"POLYGON ((-93.32281195328171 44.96797252211952, -93.31646529895413 44.96797252211952, -93.31646529895413 44.97246912393814, -93.32281195328171 44.97246912393814, -93.32281195328171 44.96797252211952))"
56,"POLYGON ((-93.32281195328171 44.97246912393814, -93.31646529895413 44.97246912393814, -93.31646529895413 44.97696572575676, -93.32281195328171 44.97696572575676, -93.32281195328171 44.97246912393814))"
57,"POLYGON ((-93.32281195328171 44.97696572575676, -93.31646529895413 44.97696572575676, -93.31646529895413 44.98146232757539, -93.32281195328171 44.98146232757539, -93.32281195328171 44.97696572575676))"
58,"POLYGON ((-93.32281195328171 44.98146232757539, -93.31646529895413 44.98146232757539, -93.31646529895413 44.98595892939401, -93.32281195328171 44.98595892939401, -93.32281195328171 44.98146232757539))"
59,"POLYGON ((-93.32281195328171 44.98595892939401, -93.31646529895413 44.98595892939401, -93.31646529895413 44.99045553121263, -93.32281195328171 44.99045553121263, -93.32281195328171 44.98595892939401))"
60,"POLYGON ((-93.32281195328171 44.99045553121263, -93.31646529895413 44.99045553121263, -93.31646529895413 44.99495213303125, -93.32281195328171 44.99495213303125, -93.32281195328171 44.99045553121263))"
61,"POLYGON ((-93.32281195328171 44.99495213303125, -93.31646529895413 44.99495213303125, -93.31646529895413 44.99944873484988, -93.32281195328171 44.99944873484988, -93.32281195328171 44.99495213303125))"
62,"POLYGON ((-93.32281195328171 44.99944873484988, -93.31646529895413 44.99944873484988, -93.31646529895413 45.0039453366685, -93.32281195328171 45.0039453366685, -93.32281195328171 44.99944873484988))"
63,"POLYGON ((-93.32281195328171 45.0039453366685, -93.31646529895413 45.0039453366685, -93.31646529895413 45.00844193848712, -93.32281195328171 45.00844193848712, -93.32281195328171 45.0039453366685))"
64,"POLYGON ((-93.32281195328171 45.00844193848712, -93.31646529895413 45.00844193848712, -93.31646529895413 45.01293854030575, -93.32281195328171 45.01293854030575, -93.32281195328171 45.00844193848712))"
65,"POLYGON ((-93.32281195328171 45.01293854030575, -93.31646529895413 45.01293854030575, -93.31646529895413 45.01743514212437, -93.32281195328171 45.01743514212437, -93.32281195328171 45.01293854030575))"
66,"POLYGON ((-93.32281195328171 45.01743514212437, -93.31646529895413 45.01743514212437, -93.31646529895413 45.02193174394299, -93.32281195328171 45.02193174394299, -93.32281195328171 45.01743514212437))"
67,"POLYGON ((-93.32281195328171 45.02193174394299, -93.31646529895413 45.02193174394299, -93.31646529895413 45.02642834576162, -93.32281195328171 45.02642834576162, -93.32281195328171 45.02193174394299))"
68,"POLYGON ((-93.32281195328171 45.02642834576162, -93.31646529895413 45.02642834576162, -93.31646529895413 45.03092494758024, -93.32281195328171 45.03092494758024, -93.32281195328171 45.02642834576162))"
69,"POLYGON ((-93.32281195328171 45.03092494758024, -93.31646529895413 45.03092494758024, -93.31646529895413 45.03542154939886, -93.32281195328171 45.03542154939886, -93.32281195328171 45.03092494758024))"
70,"POLYGON ((-93.32281195328171 45.03542154939886, -93.31646529895413 45.03542154939886, -93.31646529895413 45.03991815121748, -93.32281195328171 45.03991815121748, -93.32281195328171 45.03542154939886))"
71,"POLYGON ((-93.32281195328171 45.03991815121748, -93.31646529895413 45.03991815121748, -93.31646529895413 45.04441475303611, -93.32281195328171 45.04441475303611, -93.32281195328171 45.03991815121748))"
72,"POLYGON ((-93.32281195328171 45.04441475303611, -93.31646529895413 45.04441475303611, -93.31646529895413 45.04891135485473, -93.32281195328171 45.04891135485473, -93.32281195328171 45.04441475303611))"
73,"POLYGON ((-93.32281195328171 45.04891135485473, -93.31646529895413 45.04891135485473, -93.31646529895413 45.05340795667335, -93.32281195328171 45.05340795667335, -93.32281195328171 45.04891135485473))"
74,"POLYGON ((-93.31646529895413 44.8870336893843, -93.31011864462654 44.8870336893843, -93.31011864462654 44.89153029120293, -93.31646529895413 44.89153029120293, -93.31646529895413 44.8870336893843))"
75,"POLYGON ((-93.31646529895413 44.89153029120293, -93.31011864462654 44.89153029120293, -93.31011864462654 44.89602689302155, -93.31646529895413 44.89602689302155, -93.31646529895413 44.89153029120293))"
76,"POLYGON ((-93.31646529895413 44.89602689302155, -93.31011864462654 44.89602689302155, -93.31011864462654 44.90052349484017, -93.31646529895413 44.90052349484017, -93.31646529895413 44.89602689302155))"
77,"POLYGON ((-93.31646529895413 44.90052349484017, -93.31011864462654 44.90052349484017, -93.31011864462654 44.9050200966588, -93.31646529895413 44.9050200966588, -93.31646529895413 44.90052349484017))"
78,"POLYGON ((-93.31646529895413 44.9050200966588, -93.31011864462654 44.9050200966588, -93.31011864462654 44.90951669847742, -93.31646529895413 44.90951669847742, -93.31646529895413 44.9050200966588))"
79,"POLYGON ((-93.31646529895413 44.90951669847742, -93.31011864462654 44.90951669847742, -93.31011864462654 44.91401330029604, -93.31646529895413 44.91401330029604, -93.31646529895413 44.90951669847742))"
80,"POLYGON ((-93.31646529895413 44.91401330029604, -93.31011864462654 44.91401330029604, -93.31011864462654 44.91850990211466, -93.31646529895413 44.91850990211466, -93.31646529895413 44.91401330029604))"
81,"POLYGON ((-93.31646529895413 44.91850990211466, -93.31011864462654 44.91850990211466, -93.31011864462654 44.92300650393329, -93.31646529895413 44.92300650393329, -93.31646529895413 44.91850990211466))"
82,"POLYGON ((-93.31646529895413 44.92300650393329, -93.31011864462654 44.92300650393329, -93.31011864462654 44.92750310575191, -93.31646529895413 44.92750310575191, -93.31646529895413 44.92300650393329))"
83,"POLYGON ((-93.31646529895413 44.92750310575191, -93.31011864462654 44.92750310575191, -93.31011864462654 44.93199970757053, -93.31646529895413 44.93199970757053, -93.31646529895413 44.92750310575191))"
84,"POLYGON ((-93.31646529895413 44.93199970757053, -93.31011864462654 44.93199970757053, -93.31011864462654 44.93649630938916, -93.31646529895413 44.93649630938916, -93.31646529895413 44.93199970757053))"
85,"POLYGON ((-93.31646529895413 44.93649630938916, -93.31011864462654 44.93649630938916, -93.31011864462654 44.94099291120778, -93.31646529895413 44.94099291120778, -93.31646529895413 44.93649630938916))"
86,"POLYGON ((-93.31646529895413 44.94099291120778, -93.31011864462654 44.94099291120778, -93.31011864462654 44.9454895130264, -93.31646529895413 44.9454895130264, -93.31646529895413 44.94099291120778))"
87,"POLYGON ((-93.31646529895413 44.9454895130264, -93.31011864462654 44.9454895130264, -93.31011864462654 44.94998611484503, -93.31646529895413 44.94998611484503, -93.31646529895413 44.9454895130264))"
88,"POLYGON ((-93.31646529895413 44.94998611484503, -93.31011864462654 44.94998611484503, -93.31011864462654 44.95448271666365, -93.31646529895413 44.95448271666365, -93.31646529895413 44.94998611484503))"
89,"POLYGON ((-93.31646529895413 44.95448271666365, -93.31011864462654 44.95448271666365, -93.31011864462654 44.95897931848227, -93.31646529895413 44.95897931848227, -93.31646529895413 44.95448271666365))"
90,"POLYGON ((-93.31646529895413 44.95897931848227, -93.31011864462654 44.95897931848227, -93.31011864462654 44.96347592030089, -93.31646529895413 44.96347592030089, -93.31646529895413 44.95897931848227))"
91,"POLYGON ((-93.31646529895413 44.96347592030089, -93.31011864462654 44.96347592030089, -93.31011864462654 44.96797252211952, -93.31646529895413 44.96797252211952, -93.31646529895413 44.96347592030089))"
92,"POLYGON ((-93.31646529895413 44.96797252211952, -93.31011864462654 44.96797252211952, -93.31011864462654 44.97246912393814, -93.31646529895413 44.97246912393814, -93.31646529895413 44.96797252211952))"
93,"POLYGON ((-93.31646529895413 44.97246912393814, -93.31011864462654 44.97246912393814, -93.31011864462654 44.97696572575676, -93.31646529895413 44.97696572575676, -93.31646529895413 44.97246912393814))"
94,"POLYGON ((-93.31646529895413 44.97696572575676, -93.31011864462654 44.97696572575676, -93.31011864462654 44.98146232757539, -93.31646529895413 44.98146232757539, -93.31646529895413 44.97696572575676))"
95,"POLYGON ((-93.31646529895413 44.98146232757539, -93.31011864462654 44.98146232757539, -93.31011864462654 44.98595892939401, -93.31646529895413 44.98595892939401, -93.31646529895413 44.98146232757539))"
96,"POLYGON ((-93.31646529895413 44.98595892939401, -93.31011864462654 44.98595892939401, -93.31011864462654 44.99045553121263, -93.31646529895413 44.99045553121263, -93.31646529895413 44.98595892939401))"
97,"POLYGON ((-93.31646529895413 44.99045553121263, -93.31011864462654 44.99045553121263, -93.31011864462654 44.99495213303125, -93.31646529895413 44.99495213303125, -93.31646529895413 44.99045553121263))"
98,"POLYGON ((-93.31646529895413 44.99495213303125, -93.31011864462654 44.99495213303125, -93.31011864462654 44.99944873484988, -93.31646529895413 44.99944873484988, -93.31646529895413 44.99495213303125))"
99,"POLYGON ((-93.31646529895413 44.99944873484988, -93.31011864462654 44.99944873484988, -93.31011864462654 45.0039453366685, -93.31646529895413 45.0039453366685, -93.31646529895413 44.99944873484988))"
100,"POLYGON ((-93.31646529895413 45.0039453366685, -93.31011864462654 45.0039453366685, -93.31011864462654 45.00844193848712, -93.31646529895413 45.00844193848712, -93.31646529895413 45.0039453366685))"
101,"POLYGON ((-93.31646529895413 45.00844193848712, -93.31011864462654 45.00844193848712, -93.31011864462654 45.01293854030575, -93.31646529895413 45.01293854030575, -93.31646529895413 45.00844193848712))"
102,"POLYGON ((-93.31646529895413 45.01293854030575, -93.31011864462654 45.01293854030575, -93.31011864462654 45.01743514212437, -93.31646529895413 45.01743514212437, -93.31646529895413 45.01293854030575))"
103,"POLYGON ((-93.31646529895413 45.01743514212437, -93.31011864462654 45.01743514212437, -93.31011864462654 45.02193174394299, -93.31646529895413 45.02193174394299, -93.31646529895413 45.01743514212437))"
104,"POLYGON ((-93.31646529895413 45.02193174394299, -93.31011864462654 45.02193174394299, -93.31011864462654 45.02642834576162, -93.31646529895413 45.02642834576162, -93.31646529895413 45.02193174394299))"
105,"POLYGON ((-93.31646529895413 45.02642834576162, -93.31011864462654 45.02642834576162, -93.31011864462654 45.03092494758024, -93.31646529895413 45.03092494758024, -93.31646529895413 45.02642834576162))"
106,"POLYGON ((-93.31646529895413 45.03092494758024, -93.31011864462654 45.03092494758024, -93.31011864462654 45.03542154939886, -93.31646529895413 45.03542154939886, -93.31646529895413 45.03092494758024))"
107,"POLYGON ((-93.31646529895413 45.03542154939886, -93.31011864462654 45.03542154939886, -93.31011864462654 45.03991815121748, -93.31646529895413 45.03991815121748, -93.31646529895413 45.03542154939886))"
108,"POLYGON ((-93.31646529895413 45.03991815121748, -93.31011864462654 45.03991815121748, -93.31011864462654 45.04441475303611, -93.31646529895413 45.04441475303611, -93.31646529895413 45.03991815121748))"
109,"POLYGON ((-93.31646529895413 45.04441475303611, -93.31011864462654 45.04441475303611, -93.31011864462654 45.04891135485473, -93.31646529895413 45.04891135485473, -93.31646529895413 45.04441475303611))"
110,"POLYGON ((-93.31646529895413 45.04891135485473, -93.31011864462654 45.04891135485473, -93.31011864462654 45.05340795667335, -93.31646529895413 45.05340795667335, -93.31646529895413 45.04891135485473))"
111,"POLYGON ((-93.31011864462654 44.8870336893843, -93.30377199029896 44.8870336893843, -93.30377199029896 44.89153029120293, -93.31011864462654 44.89153029120293, -93.31011864462654 44.8870336893843))"
112,"POLYGON ((-93.31011864462654 44.89153029120293, -93.30377199029896 44.89153029120293, -93.30377199029896 44.89602689302155, -93.31011864462654 44.89602689302155, -93.31011864462654 44.89153029120293))"
113,"POLYGON ((-93.31011864462654 44.89602689302155, -93.30377199029896 44.89602689302155, -93.30377199029896 44.90052349484017, -93.31011864462654 44.90052349484017, -93.31011864462654 44.89602689302155))"
114,"POLYGON ((-93.31011864462654 44.90052349484017, -93.30377199029896 44.90052349484017, -93.30377199029896 44.9050200966588, -93.31011864462654 44.9050200966588, -93.31011864462654 44.90052349484017))"
115,"POLYGON ((-93.31011864462654 44.9050200966588, -93.30377199029896 44.9050200966588, -93.30377199029896 44.90951669847742, -93.31011864462654 44.90951669847742, -93.31011864462654 44.9050200966588))"
116,"POLYGON ((-93.31011864462654 44.90951669847742, -93.30377199029896 44.90951669847742, -93.30377199029896 44.91401330029604, -93.31011864462654 44.91401330029604, -93.31011864462654 44.90951669847742))"
117,"POLYGON ((-93.31011864462654 44.91401330029604, -93.30377199029896 44.91401330029604, -93.30377199029896 44.91850990211466, -93.31011864462654 44.91850990211466, -93.31011864462654 44.91401330029604))"
118,"POLYGON ((-93.31011864462654 44.91850990211466, -93.30377199029896 44.91850990211466, -93.30377199029896 44.92300650393329, -93.31011864462654 44.92300650393329, -93.31011864462654 44.91850990211466))"
119,"POLYGON ((-93.31011864462654 44.92300650393329, -93.30377199029896 44.92300650393329, -93.30377199029896 44.92750310575191, -93.31011864462654 44.92750310575191, -93.31011864462654 44.92300650393329))"
120,"POLYGON ((-93.31011864462654 44.92750310575191, -93.30377199029896 44.92750310575191, -93.30377199029896 44.93199970757053, -93.31011864462654 44.93199970757053, -93.31011864462654 44.92750310575191))"
121,"POLYGON ((-93.31011864462654 44.93199970757053, -93.30377199029896 44.93199970757053, -93.30377199029896 44.93649630938916, -93.31011864462654 44.93649630938916, -93.31011864462654 44.93199970757053))"
122,"POLYGON ((-93.31011864462654 44.93649630938916, -93.30377199029896 44.93649630938916, -93.30377199029896 44.94099291120778, -93.31011864462654 44.94099291120778, -93.31011864462654 44.93649630938916))"
123,"POLYGON ((-93.31011864462654 44.94099291120778, -93.30377199029896 44.94099291120778, -93.30377199029896 44.9454895130264, -93.31011864462654 44.9454895130264, -93.31011864462654 44.94099291120778))"
124,"POLYGON ((-93.31011864462654 44.9454895130264, -93.30377199029896 44.9454895130264, -93.30377199029896 44.94998611484503, -93.31011864462654 44.94998611484503, -93.31011864462654 44.9454895130264))"
125,"POLYGON ((-93.31011864462654 44.94998611484503, -93.30377199029896 44.94998611484503, -93.30377199029896 44.95448271666365, -93.31011864462654 44.95448271666365, -93.31011864462654 44.94998611484503))"
126,"POLYGON ((-93.31011864462654 44.95448271666365, -93.30377199029896 44.95448271666365, -93.30377199029896 44.95897931848227, -93.31011864462654 44.95897931848227, -93.31011864462654 44.95448271666365))"
127,"POLYGON ((-93.31011864462654 44.95897931848227, -93.30377199029896 44.95897931848227, -93.30377199029896 44.96347592030089, -93.31011864462654 44.96347592030089, -93.31011864462654 44.95897931848227))"
128,"POLYGON ((-93.31011864462654 44.96347592030089, -93.30377199029896 44.96347592030089, -93.30377199029896 44.96797252211952, -93.31011864462654 44.96797252211952, -93.31011864462654 44.96347592030089))"
129,"POLYGON ((-93.31011864462654 44.96797252211952, -93.30377199029896 44.96797252211952, -93.30377199029896 44.97246912393814, -93.31011864462654 44.97246912393814, -93.31011864462654 44.96797252211952))"
130,"POLYGON ((-93.31011864462654 44.97246912393814, -93.30377199029896 44.97246912393814, -93.30377199029896 44.97696572575676, -93.31011864462654 44.97696572575676, -93.31011864462654 44.97246912393814))"
131,"POLYGON ((-93.31011864462654 44.97696572575676, -93.30377199029896 44.97696572575676, -93.30377199029896 44.98146232757539, -93.31011864462654 44.98146232757539, -93.31011864462654 44.97696572575676))"
132,"POLYGON ((-93.31011864462654 44.98146232757539, -93.30377199029896 44.98146232757539, -93.30377199029896 44.98595892939401, -93.31011864462654 44.98595892939401, -93.31011864462654 44.98146232757539))"
133,"POLYGON ((-93.31011864462654 44.98595892939401, -93.30377199029896 44.98595892939401, -93.30377199029896 44.99045553121263, -93.31011864462654 44.99045553121263, -93.31011864462654 44.98595892939401))"
134,"POLYGON ((-93.31011864462654 44.99045553121263, -93.30377199029896 44.99045553121263, -93.30377199029896 44.99495213303125, -93.31011864462654 44.99495213303125, -93.31011864462654 44.99045553121263))"
135,"POLYGON ((-93.31011864462654 44.99495213303125, -93.30377199029896 44.99495213303125, -93.30377199029896 44.99944873484988, -93.31011864462654 44.99944873484988, -93.31011864462654 44.99495213303125))"
136,"POLYGON ((-93.31011864462654 44.99944873484988, -93.30377199029896 44.99944873484988, -93.30377199029896 45.0039453366685, -93.31011864462654 45.0039453366685, -93.31011864462654 44.99944873484988))"
137,"POLYGON ((-93.31011864462654 45.0039453366685, -93.30377199029896 45.0039453366685, -93.30377199029896 45.00844193848712, -93.31011864462654 45.00844193848712, -93.31011864462654 45.0039453366685))"
138,"POLYGON ((-93.31011864462654 45.00844193848712, -93.30377199029896 45.00844193848712, -93.30377199029896 45.01293854030575, -93.31011864462654 45.01293854030575, -93.31011864462654 45.00844193848712))"
139,"POLYGON ((-93.31011864462654 45.01293854030575, -93.30377199029896 45.01293854030575, -93.30377199029896 45.01743514212437, -93.31011864462654 45.01743514212437, -93.31011864462654 45.01293854030575))"
140,"POLYGON ((-93.31011864462654 45.01743514212437, -93.30377199029896 45.01743514212437, -93.30377199029896 45.02193174394299, -93.31011864462654 45.02193174394299, -93.31011864462654 45.01743514212437))"
141,"POLYGON ((-93.31011864462654 45.02193174394299, -93.30377199029896 45.02193174394299, -93.30377199029896 45.02642834576162, -93.31011864462654 45.02642834576162, -93.31011864462654 45.02193174394299))"
142,"POLYGON ((-93.31011864462654 45.02642834576162, -93.30377199029896 45.02642834576162, -93.30377199029896 45.03092494758024, -93.31011864462654 45.03092494758024, -93.31011864462654 45.02642834576162))"
143,"POLYGON ((-93.31011864462654 45.03092494758024, -93.30377199029896 45.03092494758024, -93.30377199029896 45.03542154939886, -93.31011864462654 45.03542154939886, -93.31011864462654 45.03092494758024))"
144,"POLYGON ((-93.31011864462654 45.03542154939886, -93.30377199029896 45.03542154939886, -93.30377199029896 45.03991815121748, -93.31011864462654 45.03991815121748, -93.31011864462654 45.03542154939886))"
145,"POLYGON ((-93.31011864462654 45.03991815121748, -93.30377199029896 45.03991815121748, -93.30377199029896 45.04441475303611, -93.31011864462654 45.04441475303611, -93.31011864462654 45.03991815121748))"
146,"POLYGON ((-93.31011864462654 45.04441475303611, -93.30377199029896 45.04441475303611, -93.30377199029896 45.04891135485473, -93.31011864462654 45.04891135485473, -93.31011864462654 45.04441475303611))"
147,"POLYGON ((-93.31011864462654 45.04891135485473, -93.30377199029896 45.04891135485473, -93.30377199029896 45.05340795667335, -93.31011864462654 45.05340795667335, -93.31011864462654 45.04891135485473))"
148,"POLYGON ((-93.30377199029896 44.8870336893843, -93.29742533597137 44.8870336893843, -93.29742533597137 44.89153029120293, -93.30377199029896 44.89153029120293, -93.30377199029896 44.8870336893843))"
149,"POLYGON ((-93.30377199029896 44.89153029120293, -93.29742533597137 44.89153029120293, -93.29742533597137 44.89602689302155, -93.30377199029896 44.89602689302155, -93.30377199029896 44.89153029120293))"
150,"POLYGON ((-93.30377199029896 44.89602689302155, -93.29742533597137 44.89602689302155, -93.29742533597137 44.90052349484017, -93.30377199029896 44.90052349484017, -93.30377199029896 44.89602689302155))"
151,"POLYGON ((-93.30377199029896 44.90052349484017, -93.29742533597137 44.90052349484017, -93.29742533597137 44.9050200966588, -93.30377199029896 44.9050200966588, -93.30377199029896 44.90052349484017))"
152,"POLYGON ((-93.30377199029896 44.9050200966588, -93.29742533597137 44.9050200966588, -93.29742533597137 44.90951669847742, -93.30377199029896 44.90951669847742, -93.30377199029896 44.9050200966588))"
153,"POLYGON ((-93.30377199029896 44.90951669847742, -93.29742533597137 44.90951669847742, -93.29742533597137 44.91401330029604, -93.30377199029896 44.91401330029604, -93.30377199029896 44.90951669847742))"
154,"POLYGON ((-93.30377199029896 44.91401330029604, -93.29742533597137 44.91401330029604, -93.29742533597137 44.91850990211466, -93.30377199029896 44.91850990211466, -93.30377199029896 44.91401330029604))"
155,"POLYGON ((-93.30377199029896 44.91850990211466, -93.29742533597137 44.91850990211466, -93.29742533597137 44.92300650393329, -93.30377199029896 44.92300650393329, -93.30377199029896 44.91850990211466))"
156,"POLYGON ((-93.30377199029896 44.92300650393329, -93.29742533597137 44.92300650393329, -93.29742533597137 44.92750310575191, -93.30377199029896 44.92750310575191, -93.30377199029896 44.92300650393329))"
157,"POLYGON ((-93.30377199029896 44.92750310575191, -93.29742533597137 44.92750310575191, -93.29742533597137 44.93199970757053, -93.30377199029896 44.93199970757053, -93.30377199029896 44.92750310575191))"
158,"POLYGON ((-93.30377199029896 44.93199970757053, -93.29742533597137 44.93199970757053, -93.29742533597137 44.93649630938916, -93.30377199029896 44.93649630938916, -93.30377199029896 44.93199970757053))"
159,"POLYGON ((-93.30377199029896 44.93649630938916, -93.29742533597137 44.93649630938916, -93.29742533597137 44.94099291120778, -93.30377199029896 44.94099291120778, -93.30377199029896 44.93649630938916))"
160,"POLYGON ((-93.30377199029896 44.94099291120778, -93.29742533597137 44.94099291120778, -93.29742533597137 44.9454895130264, -93.30377199029896 44.9454895130264, -93.30377199029896 44.94099291120778))"
161,"POLYGON ((-93.30377199029896 44.9454895130264, -93.29742533597137 44.9454895130264, -93.29742533597137 44.94998611484503, -93.30377199029896 44.94998611484503, -93.30377199029896 44.9454895130264))"
162,"POLYGON ((-93.30377199029896 44.94998611484503, -93.29742533597137 44.94998611484503, -93.29742533597137 44.95448271666365, -93.30377199029896 44.95448271666365, -93.30377199029896 44.94998611484503))"
163,"POLYGON ((-93.30377199029896 44.95448271666365, -93.29742533597137 44.95448271666365, -93.29742533597137 44.95897931848227, -93.30377199029896 44.95897931848227, -93.30377199029896 44.95448271666365))"
164,"POLYGON ((-93.30377199029896 44.95897931848227, -93.29742533597137 44.95897931848227, -93.29742533597137 44.96347592030089, -93.30377199029896 44.96347592030089, -93.30377199029896 44.95897931848227))"
165,"POLYGON ((-93.30377199029896 44.96347592030089, -93.29742533597137 44.96347592030089, -93.29742533597137 44.96797252211952, -93.30377199029896 44.96797252211952, -93.30377199029896 44.96347592030089))"
166,"POLYGON ((-93.30377199029896 44.96797252211952, -93.29742533597137 44.96797252211952, -93.29742533597137 44.97246912393814, -93.30377199029896 44.97246912393814, -93.30377199029896 44.96797252211952))"
167,"POLYGON ((-93.30377199029896 44.97246912393814, -93.29742533597137 44.97246912393814, -93.29742533597137 44.97696572575676, -93.30377199029896 44.97696572575676, -93.30377199029896 44.97246912393814))"
168,"POLYGON ((-93.30377199029896 44.97696572575676, -93.29742533597137 44.97696572575676, -93.29742533597137 44.98146232757539, -93.30377199029896 44.98146232757539, -93.30377199029896 44.97696572575676))"
169,"POLYGON ((-93.30377199029896 44.98146232757539, -93.29742533597137 44.98146232757539, -93.29742533597137 44.98595892939401, -93.30377199029896 44.98595892939401, -93.30377199029896 44.98146232757539))"
170,"POLYGON ((-93.30377199029896 44.98595892939401, -93.29742533597137 44.98595892939401, -93.29742533597137 44.99045553121263, -93.30377199029896 44.99045553121263, -93.30377199029896 44.98595892939401))"
171,"POLYGON ((-93.30377199029896 44.99045553121263, -93.29742533597137 44.99045553121263, -93.29742533597137 44.99495213303125, -93.30377199029896 44.99495213303125, -93.30377199029896 44.99045553121263))"
172,"POLYGON ((-93.30377199029896 44.99495213303125, -93.29742533597137 44.99495213303125, -93.29742533597137 44.99944873484988, -93.30377199029896 44.99944873484988, -93.30377199029896 44.99495213303125))"
173,"POLYGON ((-93.30377199029896 44.99944873484988, -93.29742533597137 44.99944873484988, -93.29742533597137 45.0039453366685, -93.30377199029896 45.0039453366685, -93.30377199029896 44.99944873484988))"
174,"POLYGON ((-93.30377199029896 45.0039453366685, -93.29742533597137 45.0039453366685, -93.29742533597137 45.00844193848712, -93.30377199029896 45.00844193848712, -93.30377199029896 45.0039453366685))"
175,"POLYGON ((-93.30377199029896 45.00844193848712, -93.29742533597137 45.00844193848712, -93.29742533597137 45.01293854030575, -93.30377199029896 45.01293854030575, -93.30377199029896 45.00844193848712))"
176,"POLYGON ((-93.30377199029896 45.01293854030575, -93.29742533597137 45.01293854030575, -93.29742533597137 45.01743514212437, -93.30377199029896 45.01743514212437, -93.30377199029896 45.01293854030575))"
177,"POLYGON ((-93.30377199029896 45.01743514212437, -93.29742533597137 45.01743514212437, -93.29742533597137 45.02193174394299, -93.30377199029896 45.02193174394299, -93.30377199029896 45.01743514212437))"
178,"POLYGON ((-93.30377199029896 45.02193174394299, -93.29742533597137 45.02193174394299, -93.29742533597137 45.02642834576162, -93.30377199029896 45.02642834576162, -93.30377199029896 45.02193174394299))"
179,"POLYGON ((-93.30377199029896 45.02642834576162, -93.29742533597137 45.02642834576162, -93.29742533597137 45.03092494758024, -93.30377199029896 45.03092494758024, -93.30377199029896 45.02642834576162))"
180,"POLYGON ((-93.30377199029896 45.03092494758024, -93.29742533597137 45.03092494758024, -93.29742533597137 45.03542154939886, -93.30377199029896 45.03542154939886, -93.30377199029896 45.03092494758024))"
181,"POLYGON ((-93.30377199029896 45.03542154939886, -93.29742533597137 45.03542154939886, -93.29742533597137 45.03991815121748, -93.30377199029896 45.03991815121748, -93.30377199029896 45.03542154939886))"
182,"POLYGON ((-93.30377199029896 45.03991815121748, -93.29742533597137 45.03991815121748, -93.29742533597137 45.04441475303611, -93.30377199029896 45.04441475303611, -93.30377199029896 45.03991815121748))"
183,"POLYGON ((-93.30377199029896 45.04441475303611, -93.29742533597137 45.04441475303611, -93.29742533597137 45.04891135485473, -93.30377199029896 45.04891135485473, -93.30377199029896 45.04441475303611))"
184,"POLYGON ((-93.30377199029896 45.04891135485473, -93.29742533597137 45.04891135485473, -93.29742533597137 45.05340795667335, -93.30377199029896 45.05340795667335, -93.30377199029896 45.04891135485473))"
185,"POLYGON ((-93.29742533597137 44.8870336893843, -93.29107868164378 44.8870336893843, -93.29107868164378 44.89153029120293, -93.29742533597137 44.89153029120293, -93.29742533597137 44.8870336893843))"
186,"POLYGON ((-93.29742533597137 44.89153029120293, -93.29107868164378 44.89153029120293, -93.29107868164378 44.89602689302155, -93.29742533597137 44.89602689302155, -93.29742533597137 44.89153029120293))"
187,"POLYGON ((-93.29742533597137 44.89602689302155, -93.29107868164378 44.89602689302155, -93.29107868164378 44.90052349484017, -93.29742533597137 44.90052349484017, -93.29742533597137 44.89602689302155))"
188,"POLYGON ((-93.29742533597137 44.90052349484017, -93.29107868164378 44.90052349484017, -93.29107868164378 44.9050200966588, -93.29742533597137 44.9050200966588, -93.29742533597137 44.90052349484017))"
189,"POLYGON ((-93.29742533597137 44.9050200966588, -93.29107868164378 44.9050200966588, -93.29107868164378 44.90951669847742, -93.29742533597137 44.90951669847742, -93.29742533597137 44.9050200966588))"
190,"POLYGON ((-93.29742533597137 44.90951669847742, -93.29107868164378 44.90951669847742, -93.29107868164378 44.91401330029604, -93.29742533597137 44.91401330029604, -93.29742533597137 44.90951669847742))"
191,"POLYGON ((-93.29742533597137 44.91401330029604, -93.29107868164378 44.91401330029604, -93.29107868164378 44.91850990211466, -93.29742533597137 44.91850990211466, -93.29742533597137 44.91401330029604))"
192,"POLYGON ((-93.29742533597137 44.91850990211466, -93.29107868164378 44.91850990211466, -93.29107868164378 44.92300650393329, -93.29742533597137 44.92300650393329, -93.29742533597137 44.91850990211466))"
193,"POLYGON ((-93.29742533597137 44.92300650393329, -93.29107868164378 44.92300650393329, -93.29107868164378 44.92750310575191, -93.29742533597137 44.92750310575191, -93.29742533597137 44.92300650393329))"
194,"POLYGON ((-93.29742533597137 44.92750310575191, -93.29107868164378 44.92750310575191, -93.29107868164378 44.93199970757053, -93.29742533597137 44.93199970757053, -93.29742533597137 44.92750310575191))"
195,"POLYGON ((-93.29742533597137 44.93199970757053, -93.29107868164378 44.93199970757053, -93.29107868164378 44.93649630938916, -93.29742533597137 44.93649630938916, -93.29742533597137 44.93199970757053))"
196,"POLYGON ((-93.29742533597137 44.93649630938916, -93.29107868164378 44.93649630938916, -93.29107868164378 44.94099291120778, -93.29742533597137 44.94099291120778, -93.29742533597137 44.93649630938916))"
197,"POLYGON ((-93.29742533597137 44.94099291120778, -93.29107868164378 44.94099291120778, -93.29107868164378 44.9454895130264, -93.29742533597137 44.9454895130264, -93.29742533597137 44.94099291120778))"
198,"POLYGON ((-93.29742533597137 44.9454895130264, -93.29107868164378 44.9454895130264, -93.29107868164378 44.94998611484503, -93.29742533597137 44.94998611484503, -93.29742533597137 44.9454895130264))"
199,"POLYGON ((-93.29742533597137 44.94998611484503, -93.29107868164378 44.94998611484503, -93.29107868164378 44.95448271666365, -93.29742533597137 44.95448271666365, -93.29742533597137 44.94998611484503))"
200,"POLYGON ((-93.29742533597137 44.95448271666365, -93.29107868164378 44.95448271666365, -93.29107868164378 44.95897931848227, -93.29742533597137 44.95897931848227, -93.29742533597137 44.95448271666365))"
201,"POLYGON ((-93.29742533597137 44.95897931848227, -93.29107868164378 44.95897931848227, -93.29107868164378 44.96347592030089, -93.29742533597137 44.96347592030089, -93.29742533597137 44.95897931848227))"
202,"POLYGON ((-93.29742533597137 44.96347592030089, -93.29107868164378 44.96347592030089, -93.29107868164378 44.96797252211952, -93.29742533597137 44.96797252211952, -93.29742533597137 44.96347592030089))"
203,"POLYGON ((-93.29742533597137 44.96797252211952, -93.29107868164378 44.96797252211952, -93.29107868164378 44.97246912393814, -93.29742533597137 44.97246912393814, -93.29742533597137 44.96797252211952))"
204,"POLYGON ((-93.29742533597137 44.97246912393814, -93.29107868164378 44.97246912393814, -93.29107868164378 44.97696572575676, -93.29742533597137 44.97696572575676, -93.29742533597137 44.97246912393814))"
205,"POLYGON ((-93.29742533597137 44.97696572575676, -93.29107868164378 44.97696572575676, -93.29107868164378 44.98146232757539, -93.29742533597137 44.98146232757539, -93.29742533597137 44.97696572575676))"
206,"POLYGON ((-93.29742533597137 44.98146232757539, -93.29107868164378 44.98146232757539, -93.29107868164378 44.98595892939401, -93.29742533597137 44.98595892939401, -93.29742533597137 44.98146232757539))"
207,"POLYGON ((-93.29742533597137 44.98595892939401, -93.29107868164378 44.98595892939401, -93.29107868164378 44.99045553121263, -93.29742533597137 44.99045553121263, -93.29742533597137 44.98595892939401))"
208,"POLYGON ((-93.29742533597137 44.99045553121263, -93.29107868164378 44.99045553121263, -93.29107868164378 44.99495213303125, -93.29742533597137 44.99495213303125, -93.29742533597137 44.99045553121263))"
209,"POLYGON ((-93.29742533597137 44.99495213303125, -93.29107868164378 44.99495213303125, -93.29107868164378 44.99944873484988, -93.29742533597137 44.99944873484988, -93.29742533597137 44.99495213303125))"
210,"POLYGON ((-93.29742533597137 44.99944873484988, -93.29107868164378 44.99944873484988, -93.29107868164378 45.0039453366685, -93.29742533597137 45.0039453366685, -93.29742533597137 44.99944873484988))"
211,"POLYGON ((-93.29742533597137 45.0039453366685, -93.29107868164378 45.0039453366685, -93.29107868164378 45.00844193848712, -93.29742533597137 45.00844193848712, -93.29742533597137 45.0039453366685))"
212,"POLYGON ((-93.29742533597137 45.00844193848712, -93.29107868164378 45.00844193848712, -93.29107868164378 45.01293854030575, -93.29742533597137 45.01293854030575, -93.29742533597137 45.00844193848712))"
213,"POLYGON ((-93.29742533597137 45.01293854030575, -93.29107868164378 45.01293854030575, -93.29107868164378 45.01743514212437, -93.29742533597137 45.01743514212437, -93.29742533597137 45.01293854030575))"
214,"POLYGON ((-93.29742533597137 45.01743514212437, -93.29107868164378 45.01743514212437, -93.29107868164378 45.02193174394299, -93.29742533597137 45.02193174394299, -93.29742533597137 45.01743514212437))"
215,"POLYGON ((-93.29742533597137 45.02193174394299, -93.29107868164378 45.02193174394299, -93.29107868164378 45.02642834576162, -93.29742533597137 45.02642834576162, -93.29742533597137 45.02193174394299))"
216,"POLYGON ((-93.29742533597137 45.02642834576162, -93.29107868164378 45.02642834576162, -93.29107868164378 45.03092494758024, -93.29742533597137 45.03092494758024, -93.29742533597137 45.02642834576162))"
217,"POLYGON ((-93.29742533597137 45.03092494758024, -93.29107868164378 45.03092494758024, -93.29107868164378 45.03542154939886, -93.29742533597137 45.03542154939886, -93.29742533597137 45.03092494758024))"
218,"POLYGON ((-93.29742533597137 45.03542154939886, -93.29107868164378 45.03542154939886, -93.29107868164378 45.03991815121748, -93.29742533597137 45.03991815121748, -93.29742533597137 45.03542154939886))"
219,"POLYGON ((-93.29742533597137 45.03991815121748, -93.29107868164378 45.03991815121748, -93.29107868164378 45.04441475303611, -93.29742533597137 45.04441475303611, -93.29742533597137 45.03991815121748))"
220,"POLYGON ((-93.29742533597137 45.04441475303611, -93.29107868164378 45.04441475303611, -93.29107868164378 45.04891135485473, -93.29742533597137 45.04891135485473, -93.29742533597137 45.04441475303611))"
221,"POLYGON ((-93.29742533597137 45.04891135485473, -93.29107868164378 45.04891135485473, -93.29107868164378 45.05340795667335, -93.29742533597137 45.05340795667335, -93.29742533597137 45.04891135485473))"
222,"POLYGON ((-93.29107868164378 44.8870336893843, -93.2847320273162 44.8870336893843, -93.2847320273162 44.89153029120293, -93.29107868164378 44.89153029120293, -93.29107868164378 44.8870336893843))"
223,"POLYGON ((-93.29107868164378 44.89153029120293, -93.2847320273162 44.89153029120293, -93.2847320273162 44.89602689302155, -93.29107868164378 44.89602689302155, -93.29107868164378 44.89153029120293))"
224,"POLYGON ((-93.29107868164378 44.89602689302155, -93.2847320273162 44.89602689302155, -93.2847320273162 44.90052349484017, -93.29107868164378 44.90052349484017, -93.29107868164378 44.89602689302155))"
225,"POLYGON ((-93.29107868164378 44.90052349484017, -93.2847320273162 44.90052349484017, -93.2847320273162 44.9050200966588, -93.29107868164378 44.9050200966588, -93.29107868164378 44.90052349484017))"
226,"POLYGON ((-93.29107868164378 44.9050200966588, -93.2847320273162 44.9050200966588, -93.2847320273162 44.90951669847742, -93.29107868164378 44.90951669847742, -93.29107868164378 44.9050200966588))"
227,"POLYGON ((-93.29107868164378 44.90951669847742, -93.2847320273162 44.90951669847742, -93.2847320273162 44.91401330029604, -93.29107868164378 44.91401330029604, -93.29107868164378 44.90951669847742))"
228,"POLYGON ((-93.29107868164378 44.91401330029604, -93.2847320273162 44.91401330029604, -93.2847320273162 44.91850990211466, -93.29107868164378 44.91850990211466, -93.29107868164378 44.91401330029604))"
229,"POLYGON ((-93.29107868164378 44.91850990211466, -93.2847320273162 44.91850990211466, -93.2847320273162 44.92300650393329, -93.29107868164378 44.92300650393329, -93.29107868164378 44.91850990211466))"
230,"POLYGON ((-93.29107868164378 44.92300650393329, -93.2847320273162 44.92300650393329, -93.2847320273162 44.92750310575191, -93.29107868164378 44.92750310575191, -93.29107868164378 44.92300650393329))"
231,"POLYGON ((-93.29107868164378 44.92750310575191, -93.2847320273162 44.92750310575191, -93.2847320273162 44.93199970757053, -93.29107868164378 44.93199970757053, -93.29107868164378 44.92750310575191))"
232,"POLYGON ((-93.29107868164378 44.93199970757053, -93.2847320273162 44.93199970757053, -93.2847320273162 44.93649630938916, -93.29107868164378 44.93649630938916, -93.29107868164378 44.93199970757053))"
233,"POLYGON ((-93.29107868164378 44.93649630938916, -93.2847320273162 44.93649630938916, -93.2847320273162 44.94099291120778, -93.29107868164378 44.94099291120778, -93.29107868164378 44.93649630938916))"
234,"POLYGON ((-93.29107868164378 44.94099291120778, -93.2847320273162 44.94099291120778, -93.2847320273162 44.9454895130264, -93.29107868164378 44.9454895130264, -93.29107868164378 44.94099291120778))"
235,"POLYGON ((-93.29107868164378 44.9454895130264, -93.2847320273162 44.9454895130264, -93.2847320273162 44.94998611484503, -93.29107868164378 44.94998611484503, -93.29107868164378 44.9454895130264))"
236,"POLYGON ((-93.29107868164378 44.94998611484503, -93.2847320273162 44.94998611484503, -93.2847320273162 44.95448271666365, -93.29107868164378 44.95448271666365, -93.29107868164378 44.94998611484503))"
237,"POLYGON ((-93.29107868164378 44.95448271666365, -93.2847320273162 44.95448271666365, -93.2847320273162 44.95897931848227, -93.29107868164378 44.95897931848227, -93.29107868164378 44.95448271666365))"
238,"POLYGON ((-93.29107868164378 44.95897931848227, -93.2847320273162 44.95897931848227, -93.2847320273162 44.96347592030089, -93.29107868164378 44.96347592030089, -93.29107868164378 44.95897931848227))"
239,"POLYGON ((-93.29107868164378 44.96347592030089, -93.2847320273162 44.96347592030089, -93.2847320273162 44.96797252211952, -93.29107868164378 44.96797252211952, -93.29107868164378 44.96347592030089))"
240,"POLYGON ((-93.29107868164378 44.96797252211952, -93.2847320273162 44.96797252211952, -93.2847320273162 44.97246912393814, -93.29107868164378 44.97246912393814, -93.29107868164378 44.96797252211952))"
241,"POLYGON ((-93.29107868164378 44.97246912393814, -93.2847320273162 44.97246912393814, -93.2847320273162 44.97696572575676, -93.29107868164378 44.97696572575676, -93.29107868164378 44.97246912393814))"
242,"POLYGON ((-93.29107868164378 44.97696572575676, -93.2847320273162 44.97696572575676, -93.2847320273162 44.98146232757539, -93.29107868164378 44.98146232757539, -93.29107868164378 44.97696572575676))"
243,"POLYGON ((-93.29107868164378 44.98146232757539, -93.2847320273162 44.98146232757539, -93.2847320273162 44.98595892939401, -93.29107868164378 44.98595892939401, -93.29107868164378 44.98146232757539))"
244,"POLYGON ((-93.29107868164378 44.98595892939401, -93.2847320273162 44.98595892939401, -93.2847320273162 44.99045553121263, -93.29107868164378 44.99045553121263, -93.29107868164378 44.98595892939401))"
245,"POLYGON ((-93.29107868164378 44.99045553121263, -93.2847320273162 44.99045553121263, -93.2847320273162 44.99495213303125, -93.29107868164378 44.99495213303125, -93.29107868164378 44.99045553121263))"
246,"POLYGON ((-93.29107868164378 44.99495213303125, -93.2847320273162 44.99495213303125, -93.2847320273162 44.99944873484988, -93.29107868164378 44.99944873484988, -93.29107868164378 44.99495213303125))"
247,"POLYGON ((-93.29107868164378 44.99944873484988, -93.2847320273162 44.99944873484988, -93.2847320273162 45.0039453366685, -93.29107868164378 45.0039453366685, -93.29107868164378 44.99944873484988))"
248,"POLYGON ((-93.29107868164378 45.0039453366685, -93.2847320273162 45.0039453366685, -93.2847320273162 45.00844193848712, -93.29107868164378 45.00844193848712, -93.29107868164378 45.0039453366685))"
249,"POLYGON ((-93.29107868164378 45.00844193848712, -93.2847320273162 45.00844193848712, -93.2847320273162 45.01293854030575, -93.29107868164378 45.01293854030575, -93.29107868164378 45.00844193848712))"
250,"POLYGON ((-93.29107868164378 45.01293854030575, -93.2847320273162 45.01293854030575, -93.2847320273162 45.01743514212437, -93.29107868164378 45.01743514212437, -93.29107868164378 45.01293854030575))"
251,"POLYGON ((-93.29107868164378 45.01743514212437, -93.2847320273162 45.01743514212437, -93.2847320273162 45.02193174394299, -93.29107868164378 45.02193174394299, -93.29107868164378 45.01743514212437))"
252,"POLYGON ((-93.29107868164378 45.02193174394299, -93.2847320273162 45.02193174394299, -93.2847320273162 45.02642834576162, -93.29107868164378 45.02642834576162, -93.29107868164378 45.02193174394299))"
253,"POLYGON ((-93.29107868164378 45.02642834576162, -93.2847320273162 45.02642834576162, -93.2847320273162 45.03092494758024, -93.29107868164378 45.03092494758024, -93.29107868164378 45.02642834576162))"
254,"POLYGON ((-93.29107868164378 45.03092494758024, -93.2847320273162 45.03092494758024, -93.2847320273162 45.03542154939886, -93.29107868164378 45.03542154939886, -93.29107868164378 45.03092494758024))"
255,"POLYGON ((-93.29107868164378 45.03542154939886, -93.2847320273162 45.03542154939886, -93.2847320273162 45.03991815121748, -93.29107868164378 45.03991815121748, -93.29107868164378 45.03542154939886))"
256,"POLYGON ((-93.29107868164378 45.03991815121748, -93.2847320273162 45.03991815121748, -93.2847320273162 45.04441475303611, -93.29107868164378 45.04441475303611, -93.29107868164378 45.03991815121748))"
257,"POLYGON ((-93.29107868164378 45.04441475303611, -93.2847320273162 45.04441475303611, -93.2847320273162 45.04891135485473, -93.29107868164378 45.04891135485473, -93.29107868164378 45.04441475303611))"
258,"POLYGON ((-93.29107868164378 45.04891135485473, -93.2847320273162 45.04891135485473, -93.2847320273162 45.05340795667335, -93.29107868164378 45.05340795667335, -93.29107868164378 45.04891135485473))"
259,"POLYGON ((-93.2847320273162 44.8870336893843, -93.27838537298861 44.8870336893843, -93.27838537298861 44.89153029120293, -93.2847320273162 44.89153029120293, -93.2847320273162 44.8870336893843))"
260,"POLYGON ((-93.2847320273162 44.89153029120293, -93.27838537298861 44.89153029120293, -93.27838537298861 44.89602689302155, -93.2847320273162 44.89602689302155, -93.2847320273162 44.89153029120293))"
261,"POLYGON ((-93.2847320273162 44.89602689302155, -93.27838537298861 44.89602689302155, -93.27838537298861 44.90052349484017, -93.2847320273162 44.90052349484017, -93.2847320273162 44.89602689302155))"
262,"POLYGON ((-93.2847320273162 44.90052349484017, -93.27838537298861 44.90052349484017, -93.27838537298861 44.9050200966588, -93.2847320273162 44.9050200966588, -93.2847320273162 44.90052349484017))"
263,"POLYGON ((-93.2847320273162 44.9050200966588, -93.27838537298861 44.9050200966588, -93.27838537298861 44.90951669847742, -93.2847320273162 44.90951669847742, -93.2847320273162 44.9050200966588))"
264,"POLYGON ((-93.2847320273162 44.90951669847742, -93.27838537298861 44.90951669847742, -93.27838537298861 44.91401330029604, -93.2847320273162 44.91401330029604, -93.2847320273162 44.90951669847742))"
265,"POLYGON ((-93.2847320273162 44.91401330029604, -93.27838537298861 44.91401330029604, -93.27838537298861 44.91850990211466, -93.2847320273162 44.91850990211466, -93.2847320273162 44.91401330029604))"
266,"POLYGON ((-93.2847320273162 44.91850990211466, -93.27838537298861 44.91850990211466, -93.27838537298861 44.92300650393329, -93.2847320273162 44.92300650393329, -93.2847320273162 44.91850990211466))"
267,"POLYGON ((-93.2847320273162 44.92300650393329, -93.27838537298861 44.92300650393329, -93.27838537298861 44.92750310575191, -93.2847320273162 44.92750310575191, -93.2847320273162 44.92300650393329))"
268,"POLYGON ((-93.2847320273162 44.92750310575191, -93.27838537298861 44.92750310575191, -93.27838537298861 44.93199970757053, -93.2847320273162 44.93199970757053, -93.2847320273162 44.92750310575191))"
269,"POLYGON ((-93.2847320273162 44.93199970757053, -93.27838537298861 44.93199970757053, -93.27838537298861 44.93649630938916, -93.2847320273162 44.93649630938916, -93.2847320273162 44.93199970757053))"
270,"POLYGON ((-93.2847320273162 44.93649630938916, -93.27838537298861 44.93649630938916, -93.27838537298861 44.94099291120778, -93.2847320273162 44.94099291120778, -93.2847320273162 44.93649630938916))"
271,"POLYGON ((-93.2847320273162 44.94099291120778, -93.27838537298861 44.94099291120778, -93.27838537298861 44.9454895130264, -93.2847320273162 44.9454895130264, -93.2847320273162 44.94099291120778))"
272,"POLYGON ((-93.2847320273162 44.9454895130264, -93.27838537298861 44.9454895130264, -93.27838537298861 44.94998611484503, -93.2847320273162 44.94998611484503, -93.2847320273162 44.9454895130264))"
273,"POLYGON ((-93.2847320273162 44.94998611484503, -93.27838537298861 44.94998611484503, -93.27838537298861 44.95448271666365, -93.2847320273162 44.95448271666365, -93.2847320273162 44.94998611484503))"
274,"POLYGON ((-93.2847320273162 44.95448271666365, -93.27838537298861 44.95448271666365, -93.27838537298861 44.95897931848227, -93.2847320273162 44.95897931848227, -93.2847320273162 44.95448271666365))"
275,"POLYGON ((-93.2847320273162 44.95897931848227, -93.27838537298861 44.95897931848227, -93.27838537298861 44.96347592030089, -93.2847320273162 44.96347592030089, -93.2847320273162 44.95897931848227))"
276,"POLYGON ((-93.2847320273162 44.96347592030089, -93.27838537298861 44.96347592030089, -93.27838537298861 44.96797252211952, -93.2847320273162 44.96797252211952, -93.2847320273162 44.96347592030089))"
277,"POLYGON ((-93.2847320273162 44.96797252211952, -93.27838537298861 44.96797252211952, -93.27838537298861 44.97246912393814, -93.2847320273162 44.97246912393814, -93.2847320273162 44.96797252211952))"
278,"POLYGON ((-93.2847320273162 44.97246912393814, -93.27838537298861 44.97246912393814, -93.27838537298861 44.97696572575676, -93.2847320273162 44.97696572575676, -93.2847320273162 44.97246912393814))"
279,"POLYGON ((-93.2847320273162 44.97696572575676, -93.27838537298861 44.97696572575676, -93.27838537298861 44.98146232757539, -93.2847320273162 44.98146232757539, -93.2847320273162 44.97696572575676))"
280,"POLYGON ((-93.2847320273162 44.98146232757539, -93.27838537298861 44.98146232757539, -93.27838537298861 44.98595892939401, -93.2847320273162 44.98595892939401, -93.2847320273162 44.98146232757539))"
281,"POLYGON ((-93.2847320273162 44.98595892939401, -93.27838537298861 44.98595892939401, -93.27838537298861 44.99045553121263, -93.2847320273162 44.99045553121263, -93.2847320273162 44.98595892939401))"
282,"POLYGON ((-93.2847320273162 44.99045553121263, -93.27838537298861 44.99045553121263, -93.27838537298861 44.99495213303125, -93.2847320273162 44.99495213303125, -93.2847320273162 44.99045553121263))"
283,"POLYGON ((-93.2847320273162 44.99495213303125, -93.27838537298861 44.99495213303125, -93.27838537298861 44.99944873484988, -93.2847320273162 44.99944873484988, -93.2847320273162 44.99495213303125))"
284,"POLYGON ((-93.2847320273162 44.99944873484988, -93.27838537298861 44.99944873484988, -93.27838537298861 45.0039453366685, -93.2847320273162 45.0039453366685, -93.2847320273162 44.99944873484988))"
285,"POLYGON ((-93.2847320273162 45.0039453366685, -93.27838537298861 45.0039453366685, -93.27838537298861 45.00844193848712, -93.2847320273162 45.00844193848712, -93.2847320273162 45.0039453366685))"
286,"POLYGON ((-93.2847320273162 45.00844193848712, -93.27838537298861 45.00844193848712, -93.27838537298861 45.01293854030575, -93.2847320273162 45.01293854030575, -93.2847320273162 45.00844193848712))"
287,"POLYGON ((-93.2847320273162 45.01293854030575, -93.27838537298861 45.01293854030575, -93.27838537298861 45.01743514212437, -93.2847320273162 45.01743514212437, -93.2847320273162 45.01293854030575))"
288,"POLYGON ((-93.2847320273162 45.01743514212437, -93.27838537298861 45.01743514212437, -93.27838537298861 45.02193174394299, -93.2847320273162 45.02193174394299, -93.2847320273162 45.01743514212437))"
289,"POLYGON ((-93.2847320273162 45.02193174394299, -93.27838537298861 45.02193174394299, -93.27838537298861 45.02642834576162, -93.2847320273162 45.02642834576162, -93.2847320273162 45.02193174394299))"
290,"POLYGON ((-93.2847320273162 45.02642834576162, -93.27838537298861 45.02642834576162, -93.27838537298861 45.03092494758024, -93.2847320273162 45.03092494758024, -93.2847320273162 45.02642834576162))"
291,"POLYGON ((-93.2847320273162 45.03092494758024, -93.27838537298861 45.03092494758024, -93.27838537298861 45.03542154939886, -93.2847320273162 45.03542154939886, -93.2847320273162 45.03092494758024))"
292,"POLYGON ((-93.2847320273162 45.03542154939886, -93.27838537298861 45.03542154939886, -93.27838537298861 45.03991815121748, -93.2847320273162 45.03991815121748, -93.2847320273162 45.03542154939886))"
293,"POLYGON ((-93.2847320273162 45.03991815121748, -93.27838537298861 45.03991815121748, -93.27838537298861 45.04441475303611, -93.2847320273162 45.04441475303611, -93.2847320273162 45.03991815121748))"
294,"POLYGON ((-93.2847320273162 45.04441475303611, -93.27838537298861 45.04441475303611, -93.27838537298861 45.04891135485473, -93.2847320273162 45.04891135485473, -93.2847320273162 45.04441475303611))"
295,"POLYGON ((-93.2847320273162 45.04891135485473, -93.27838537298861 45.04891135485473, -93.27838537298861 45.05340795667335, -93.2847320273162 45.05340795667335, -93.2847320273162 45.04891135485473))"
296,"POLYGON ((-93.27838537298861 44.8870336893843, -93.27203871866102 44.8870336893843, -93.27203871866102 44.89153029120293, -93.27838537298861 44.89153029120293, -93.27838537298861 44.8870336893843))"
297,"POLYGON ((-93.27838537298861 44.89153029120293, -93.27203871866102 44.89153029120293, -93.27203871866102 44.89602689302155, -93.27838537298861 44.89602689302155, -93.27838537298861 44.89153029120293))"
298,"POLYGON ((-93.27838537298861 44.89602689302155, -93.27203871866102 44.89602689302155, -93.27203871866102 44.90052349484017, -93.27838537298861 44.90052349484017, -93.27838537298861 44.89602689302155))"
299,"POLYGON ((-93.27838537298861 44.90052349484017, -93.27203871866102 44.90052349484017, -93.27203871866102 44.9050200966588, -93.27838537298861 44.9050200966588, -93.27838537298861 44.90052349484017))"
300,"POLYGON ((-93.27838537298861 44.9050200966588, -93.27203871866102 44.9050200966588, -93.27203871866102 44.90951669847742, -93.27838537298861 44.90951669847742, -93.27838537298861 44.9050200966588))"
301,"POLYGON ((-93.27838537298861 44.90951669847742, -93.27203871866102 44.90951669847742, -93.27203871866102 44.91401330029604, -93.27838537298861 44.91401330029604, -93.27838537298861 44.90951669847742))"
302,"POLYGON ((-93.27838537298861 44.91401330029604, -93.27203871866102 44.91401330029604, -93.27203871866102 44.91850990211466, -93.27838537298861 44.91850990211466, -93.27838537298861 44.91401330029604))"
303,"POLYGON ((-93.27838537298861 44.91850990211466, -93.27203871866102 44.91850990211466, -93.27203871866102 44.92300650393329, -93.27838537298861 44.92300650393329, -93.27838537298861 44.91850990211466))"
304,"POLYGON ((-93.27838537298861 44.92300650393329, -93.27203871866102 44.92300650393329, -93.27203871866102 44.92750310575191, -93.27838537298861 44.92750310575191, -93.27838537298861 44.92300650393329))"
305,"POLYGON ((-93.27838537298861 44.92750310575191, -93.27203871866102 44.92750310575191, -93.27203871866102 44.93199970757053, -93.27838537298861 44.93199970757053, -93.27838537298861 44.92750310575191))"
306,"POLYGON ((-93.27838537298861 44.93199970757053, -93.27203871866102 44.93199970757053, -93.27203871866102 44.93649630938916, -93.27838537298861 44.93649630938916, -93.27838537298861 44.93199970757053))"
307,"POLYGON ((-93.27838537298861 44.93649630938916, -93.27203871866102 44.93649630938916, -93.27203871866102 44.94099291120778, -93.27838537298861 44.94099291120778, -93.27838537298861 44.93649630938916))"
308,"POLYGON ((-93.27838537298861 44.94099291120778, -93.27203871866102 44.94099291120778, -93.27203871866102 44.9454895130264, -93.27838537298861 44.9454895130264, -93.27838537298861 44.94099291120778))"
309,"POLYGON ((-93.27838537298861 44.9454895130264, -93.27203871866102 44.9454895130264, -93.27203871866102 44.94998611484503, -93.27838537298861 44.94998611484503, -93.27838537298861 44.9454895130264))"
310,"POLYGON ((-93.27838537298861 44.94998611484503, -93.27203871866102 44.94998611484503, -93.27203871866102 44.95448271666365, -93.27838537298861 44.95448271666365, -93.27838537298861 44.94998611484503))"
311,"POLYGON ((-93.27838537298861 44.95448271666365, -93.27203871866102 44.95448271666365, -93.27203871866102 44.95897931848227, -93.27838537298861 44.95897931848227, -93.27838537298861 44.95448271666365))"
312,"POLYGON ((-93.27838537298861 44.95897931848227, -93.27203871866102 44.95897931848227, -93.27203871866102 44.96347592030089, -93.27838537298861 44.96347592030089, -93.27838537298861 44.95897931848227))"
313,"POLYGON ((-93.27838537298861 44.96347592030089, -93.27203871866102 44.96347592030089, -93.27203871866102 44.96797252211952, -93.27838537298861 44.96797252211952, -93.27838537298861 44.96347592030089))"
314,"POLYGON ((-93.27838537298861 44.96797252211952, -93.27203871866102 44.96797252211952, -93.27203871866102 44.97246912393814, -93.27838537298861 44.97246912393814, -93.27838537298861 44.96797252211952))"
315,"POLYGON ((-93.27838537298861 44.97246912393814, -93.27203871866102 44.97246912393814, -93.27203871866102 44.97696572575676, -93.27838537298861 44.97696572575676, -93.27838537298861 44.97246912393814))"
316,"POLYGON ((-93.27838537298861 44.97696572575676, -93.27203871866102 44.97696572575676, -93.27203871866102 44.98146232757539, -93.27838537298861 44.98146232757539, -93.27838537298861 44.97696572575676))"
317,"POLYGON ((-93.27838537298861 44.98146232757539, -93.27203871866102 44.98146232757539, -93.27203871866102 44.98595892939401, -93.27838537298861 44.98595892939401, -93.27838537298861 44.98146232757539))"
318,"POLYGON ((-93.27838537298861 44.98595892939401, -93.27203871866102 44.98595892939401, -93.27203871866102 44.99045553121263, -93.27838537298861 44.99045553121263, -93.27838537298861 44.98595892939401))"
319,"POLYGON ((-93.27838537298861 44.99045553121263, -93.27203871866102 44.99045553121263, -93.27203871866102 44.99495213303125, -93.27838537298861 44.99495213303125, -93.27838537298861 44.99045553121263))"
320,"POLYGON ((-93.27838537298861 44.99495213303125, -93.27203871866102 44.99495213303125, -93.27203871866102 44.99944873484988, -93.27838537298861 44.99944873484988, -93.27838537298861 44.99495213303125))"
321,"POLYGON ((-93.27838537298861 44.99944873484988, -93.27203871866102 44.99944873484988, -93.27203871866102 45.0039453366685, -93.27838537298861 45.0039453366685, -93.27838537298861 44.99944873484988))"
322,"POLYGON ((-93.27838537298861 45.0039453366685, -93.27203871866102 45.0039453366685, -93.27203871866102 45.00844193848712, -93.27838537298861 45.00844193848712, -93.27838537298861 45.0039453366685))"
323,"POLYGON ((-93.27838537298861 45.00844193848712, -93.27203871866102 45.00844193848712, -93.27203871866102 45.01293854030575, -93.27838537298861 45.01293854030575, -93.27838537298861 45.00844193848712))"
324,"POLYGON ((-93.27838537298861 45.01293854030575, -93.27203871866102 45.01293854030575, -93.27203871866102 45.01743514212437, -93.27838537298861 45.01743514212437, -93.27838537298861 45.01293854030575))"
325,"POLYGON ((-93.27838537298861 45.01743514212437, -93.27203871866102 45.01743514212437, -93.27203871866102 45.02193174394299, -93.27838537298861 45.02193174394299, -93.27838537298861 45.01743514212437))"
326,"POLYGON ((-93.27838537298861 45.02193174394299, -93.27203871866102 45.02193174394299, -93.27203871866102 45.02642834576162, -93.27838537298861 45.02642834576162, -93.27838537298861 45.02193174394299))"
327,"POLYGON ((-93.27838537298861 45.02642834576162, -93.27203871866102 45.02642834576162, -93.27203871866102 45.03092494758024, -93.27838537298861 45.03092494758024, -93.27838537298861 45.02642834576162))"
328,"POLYGON ((-93.27838537298861 45.03092494758024, -93.27203871866102 45.03092494758024, -93.27203871866102 45.03542154939886, -93.27838537298861 45.03542154939886, -93.27838537298861 45.03092494758024))"
329,"POLYGON ((-93.27838537298861 45.03542154939886, -93.27203871866102 45.03542154939886, -93.27203871866102 45.03991815121748, -93.27838537298861 45.03991815121748, -93.27838537298861 45.03542154939886))"
330,"POLYGON ((-93.27838537298861 45.03991815121748, -93.27203871866102 45.03991815121748, -93.27203871866102 45.04441475303611, -93.27838537298861 45.04441475303611, -93.27838537298861 45.03991815121748))"
331,"POLYGON ((-93.27838537298861 45.04441475303611, -93.27203871866102 45.04441475303611, -93.27203871866102 45.04891135485473, -93.27838537298861 45.04891135485473, -93.27838537298861 45.04441475303611))"
332,"POLYGON ((-93.27838537298861 45.04891135485473, -93.27203871866102 45.04891135485473, -93.27203871866102 45.05340795667335, -93.27838537298861 45.05340795667335, -93.27838537298861 45.04891135485473))"
333,"POLYGON ((-93.27203871866102 44.8870336893843, -93.26569206433344 44.8870336893843, -93.26569206433344 44.89153029120293, -93.27203871866102 44.89153029120293, -93.27203871866102 44.8870336893843))"
334,"POLYGON ((-93.27203871866102 44.89153029120293, -93.26569206433344 44.89153029120293, -93.26569206433344 44.89602689302155, -93.27203871866102 44.89602689302155, -93.27203871866102 44.89153029120293))"
335,"POLYGON ((-93.27203871866102 44.89602689302155, -93.26569206433344 44.89602689302155, -93.26569206433344 44.90052349484017, -93.27203871866102 44.90052349484017, -93.27203871866102 44.89602689302155))"
336,"POLYGON ((-93.27203871866102 44.90052349484017, -93.26569206433344 44.90052349484017, -93.26569206433344 44.9050200966588, -93.27203871866102 44.9050200966588, -93.27203871866102 44.90052349484017))"
337,"POLYGON ((-93.27203871866102 44.9050200966588, -93.26569206433344 44.9050200966588, -93.26569206433344 44.90951669847742, -93.27203871866102 44.90951669847742, -93.27203871866102 44.9050200966588))"
338,"POLYGON ((-93.27203871866102 44.90951669847742, -93.26569206433344 44.90951669847742, -93.26569206433344 44.91401330029604, -93.27203871866102 44.91401330029604, -93.27203871866102 44.90951669847742))"
339,"POLYGON ((-93.27203871866102 44.91401330029604, -93.26569206433344 44.91401330029604, -93.26569206433344 44.91850990211466, -93.27203871866102 44.91850990211466, -93.27203871866102 44.91401330029604))"
340,"POLYGON ((-93.27203871866102 44.91850990211466, -93.26569206433344 44.91850990211466, -93.26569206433344 44.92300650393329, -93.27203871866102 44.92300650393329, -93.27203871866102 44.91850990211466))"
341,"POLYGON ((-93.27203871866102 44.92300650393329, -93.26569206433344 44.92300650393329, -93.26569206433344 44.92750310575191, -93.27203871866102 44.92750310575191, -93.27203871866102 44.92300650393329))"
342,"POLYGON ((-93.27203871866102 44.92750310575191, -93.26569206433344 44.92750310575191, -93.26569206433344 44.93199970757053, -93.27203871866102 44.93199970757053, -93.27203871866102 44.92750310575191))"
343,"POLYGON ((-93.27203871866102 44.93199970757053, -93.26569206433344 44.93199970757053, -93.26569206433344 44.93649630938916, -93.27203871866102 44.93649630938916, -93.27203871866102 44.93199970757053))"
344,"POLYGON ((-93.27203871866102 44.93649630938916, -93.26569206433344 44.93649630938916, -93.26569206433344 44.94099291120778, -93.27203871866102 44.94099291120778, -93.27203871866102 44.93649630938916))"
345,"POLYGON ((-93.27203871866102 44.94099291120778, -93.26569206433344 44.94099291120778, -93.26569206433344 44.9454895130264, -93.27203871866102 44.9454895130264, -93.27203871866102 44.94099291120778))"
346,"POLYGON ((-93.27203871866102 44.9454895130264, -93.26569206433344 44.9454895130264, -93.26569206433344 44.94998611484503, -93.27203871866102 44.94998611484503, -93.27203871866102 44.9454895130264))"
347,"POLYGON ((-93.27203871866102 44.94998611484503, -93.26569206433344 44.94998611484503, -93.26569206433344 44.95448271666365, -93.27203871866102 44.95448271666365, -93.27203871866102 44.94998611484503))"
348,"POLYGON ((-93.27203871866102 44.95448271666365, -93.26569206433344 44.95448271666365, -93.26569206433344 44.95897931848227, -93.27203871866102 44.95897931848227, -93.27203871866102 44.95448271666365))"
349,"POLYGON ((-93.27203871866102 44.95897931848227, -93.26569206433344 44.95897931848227, -93.26569206433344 44.96347592030089, -93.27203871866102 44.96347592030089, -93.27203871866102 44.95897931848227))"
350,"POLYGON ((-93.27203871866102 44.96347592030089, -93.26569206433344 44.96347592030089, -93.26569206433344 44.96797252211952, -93.27203871866102 44.96797252211952, -93.27203871866102 44.96347592030089))"
351,"POLYGON ((-93.27203871866102 44.96797252211952, -93.26569206433344 44.96797252211952, -93.26569206433344 44.97246912393814, -93.27203871866102 44.97246912393814, -93.27203871866102 44.96797252211952))"
352,"POLYGON ((-93.27203871866102 44.97246912393814, -93.26569206433344 44.97246912393814, -93.26569206433344 44.97696572575676, -93.27203871866102 44.97696572575676, -93.27203871866102 44.97246912393814))"
353,"POLYGON ((-93.27203871866102 44.97696572575676, -93.26569206433344 44.97696572575676, -93.26569206433344 44.98146232757539, -93.27203871866102 44.98146232757539, -93.27203871866102 44.97696572575676))"
354,"POLYGON ((-93.27203871866102 44.98146232757539, -93.26569206433344 44.98146232757539, -93.26569206433344 44.98595892939401, -93.27203871866102 44.98595892939401, -93.27203871866102 44.98146232757539))"
355,"POLYGON ((-93.27203871866102 44.98595892939401, -93.26569206433344 44.98595892939401, -93.26569206433344 44.99045553121263, -93.27203871866102 44.99045553121263, -93.27203871866102 44.98595892939401))"
356,"POLYGON ((-93.27203871866102 44.99045553121263, -93.26569206433344 44.99045553121263, -93.26569206433344 44.99495213303125, -93.27203871866102 44.99495213303125, -93.27203871866102 44.99045553121263))"
357,"POLYGON ((-93.27203871866102 44.99495213303125, -93.26569206433344 44.99495213303125, -93.26569206433344 44.99944873484988, -93.27203871866102 44.99944873484988, -93.27203871866102 44.99495213303125))"
358,"POLYGON ((-93.27203871866102 44.99944873484988, -93.26569206433344 44.99944873484988, -93.26569206433344 45.0039453366685, -93.27203871866102 45.0039453366685, -93.27203871866102 44.99944873484988))"
359,"POLYGON ((-93.27203871866102 45.0039453366685, -93.26569206433344 45.0039453366685, -93.26569206433344 45.00844193848712, -93.27203871866102 45.00844193848712, -93.27203871866102 45.0039453366685))"
360,"POLYGON ((-93.27203871866102 45.00844193848712, -93.26569206433344 45.00844193848712, -93.26569206433344 45.01293854030575, -93.27203871866102 45.01293854030575, -93.27203871866102 45.00844193848712))"
361,"POLYGON ((-93.27203871866102 45.01293854030575, -93.26569206433344 45.01293854030575, -93.26569206433344 45.01743514212437, -93.27203871866102 45.01743514212437, -93.27203871866102 45.01293854030575))"
362,"POLYGON ((-93.27203871866102 45.01743514212437, -93.26569206433344 45.01743514212437, -93.26569206433344 45.02193174394299, -93.27203871866102 45.02193174394299, -93.27203871866102 45.01743514212437))"
363,"POLYGON ((-93.27203871866102 45.02193174394299, -93.26569206433344 45.02193174394299, -93.26569206433344 45.02642834576162, -93.27203871866102 45.02642834576162, -93.27203871866102 45.02193174394299))"
364,"POLYGON ((-93.27203871866102 45.02642834576162, -93.26569206433344 45.02642834576162, -93.26569206433344 45.03092494758024, -93.27203871866102 45.03092494758024, -93.27203871866102 45.02642834576162))"
365,"POLYGON ((-93.27203871866102 45.03092494758024, -93.26569206433344 45.03092494758024, -93.26569206433344 45.03542154939886, -93.27203871866102 45.03542154939886, -93.27203871866102 45.03092494758024))"
366,"POLYGON ((-93.27203871866102 45.03542154939886, -93.26569206433344 45.03542154939886, -93.26569206433344 45.03991815121748, -93.27203871866102 45.03991815121748, -93.27203871866102 45.03542154939886))"
367,"POLYGON ((-93.27203871866102 45.03991815121748, -93.26569206433344 45.03991815121748, -93.26569206433344 45.04441475303611, -93.27203871866102 45.04441475303611, -93.27203871866102 45.03991815121748))"
368,"POLYGON ((-93.27203871866102 45.04441475303611, -93.26569206433344 45.04441475303611, -93.26569206433344 45.04891135485473, -93.27203871866102 45.04891135485473, -93.27203871866102 45.04441475303611))"
369,"POLYGON ((-93.27203871866102 45.04891135485473, -93.26569206433344 45.04891135485473, -93.26569206433344 45.05340795667335, -93.27203871866102 45.05340795667335, -93.27203871866102 45.04891135485473))"
370,"POLYGON ((-93.26569206433344 44.8870336893843, -93.25934541000585 44.8870336893843, -93.25934541000585 44.89153029120293, -93.26569206433344 44.89153029120293, -93.26569206433344 44.8870336893843))"
371,"POLYGON ((-93.26569206433344 44.89153029120293, -93.25934541000585 44.89153029120293, -93.25934541000585 44.89602689302155, -93.26569206433344 44.89602689302155, -93.26569206433344 44.89153029120293))"
372,"POLYGON ((-93.26569206433344 44.89602689302155, -93.25934541000585 44.89602689302155, -93.25934541000585 44.90052349484017, -93.26569206433344 44.90052349484017, -93.26569206433344 44.89602689302155))"
373,"POLYGON ((-93.26569206433344 44.90052349484017, -93.25934541000585 44.90052349484017, -93.25934541000585 44.9050200966588, -93.26569206433344 44.9050200966588, -93.26569206433344 44.90052349484017))"
374,"POLYGON ((-93.26569206433344 44.9050200966588, -93.25934541000585 44.9050200966588, -93.25934541000585 44.90951669847742, -93.26569206433344 44.90951669847742, -93.26569206433344 44.9050200966588))"
375,"POLYGON ((-93.26569206433344 44.90951669847742, -93.25934541000585 44.90951669847742, -93.25934541000585 44.91401330029604, -93.26569206433344 44.91401330029604, -93.26569206433344 44.90951669847742))"
376,"POLYGON ((-93.26569206433344 44.91401330029604, -93.25934541000585 44.91401330029604, -93.25934541000585 44.91850990211466, -93.26569206433344 44.91850990211466, -93.26569206433344 44.91401330029604))"
377,"POLYGON ((-93.26569206433344 44.91850990211466, -93.25934541000585 44.91850990211466, -93.25934541000585 44.92300650393329, -93.26569206433344 44.92300650393329, -93.26569206433344 44.91850990211466))"
378,"POLYGON ((-93.26569206433344 44.92300650393329, -93.25934541000585 44.92300650393329, -93.25934541000585 44.92750310575191, -93.26569206433344 44.92750310575191, -93.26569206433344 44.92300650393329))"
379,"POLYGON ((-93.26569206433344 44.92750310575191, -93.25934541000585 44.92750310575191, -93.25934541000585 44.93199970757053, -93.26569206433344 44.93199970757053, -93.26569206433344 44.92750310575191))"
380,"POLYGON ((-93.26569206433344 44.93199970757053, -93.25934541000585 44.93199970757053, -93.25934541000585 44.93649630938916, -93.26569206433344 44.93649630938916, -93.26569206433344 44.93199970757053))"
381,"POLYGON ((-93.26569206433344 44.93649630938916, -93.25934541000585 44.93649630938916, -93.25934541000585 44.94099291120778, -93.26569206433344 44.94099291120778, -93.26569206433344 44.93649630938916))"
382,"POLYGON ((-93.26569206433344 44.94099291120778, -93.25934541000585 44.94099291120778, -93.25934541000585 44.9454895130264, -93.26569206433344 44.9454895130264, -93.26569206433344 44.94099291120778))"
383,"POLYGON ((-93.26569206433344 44.9454895130264, -93.25934541000585 44.9454895130264, -93.25934541000585 44.94998611484503, -93.26569206433344 44.94998611484503, -93.26569206433344 44.9454895130264))"
384,"POLYGON ((-93.26569206433344 44.94998611484503, -93.25934541000585 44.94998611484503, -93.25934541000585 44.95448271666365, -93.26569206433344 44.95448271666365, -93.26569206433344 44.94998611484503))"
385,"POLYGON ((-93.26569206433344 44.95448271666365, -93.25934541000585 44.95448271666365, -93.25934541000585 44.95897931848227, -93.26569206433344 44.95897931848227, -93.26569206433344 44.95448271666365))"
386,"POLYGON ((-93.26569206433344 44.95897931848227, -93.25934541000585 44.95897931848227, -93.25934541000585 44.96347592030089, -93.26569206433344 44.96347592030089, -93.26569206433344 44.95897931848227))"
387,"POLYGON ((-93.26569206433344 44.96347592030089, -93.25934541000585 44.96347592030089, -93.25934541000585 44.96797252211952, -93.26569206433344 44.96797252211952, -93.26569206433344 44.96347592030089))"
388,"POLYGON ((-93.26569206433344 44.96797252211952, -93.25934541000585 44.96797252211952, -93.25934541000585 44.97246912393814, -93.26569206433344 44.97246912393814, -93.26569206433344 44.96797252211952))"
389,"POLYGON ((-93.26569206433344 44.97246912393814, -93.25934541000585 44.97246912393814, -93.25934541000585 44.97696572575676, -93.26569206433344 44.97696572575676, -93.26569206433344 44.97246912393814))"
390,"POLYGON ((-93.26569206433344 44.97696572575676, -93.25934541000585 44.97696572575676, -93.25934541000585 44.98146232757539, -93.26569206433344 44.98146232757539, -93.26569206433344 44.97696572575676))"
391,"POLYGON ((-93.26569206433344 44.98146232757539, -93.25934541000585 44.98146232757539, -93.25934541000585 44.98595892939401, -93.26569206433344 44.98595892939401, -93.26569206433344 44.98146232757539))"
392,"POLYGON ((-93.26569206433344 44.98595892939401, -93.25934541000585 44.98595892939401, -93.25934541000585 44.99045553121263, -93.26569206433344 44.99045553121263, -93.26569206433344 44.98595892939401))"
393,"POLYGON ((-93.26569206433344 44.99045553121263, -93.25934541000585 44.99045553121263, -93.25934541000585 44.99495213303125, -93.26569206433344 44.99495213303125, -93.26569206433344 44.99045553121263))"
394,"POLYGON ((-93.26569206433344 44.99495213303125, -93.25934541000585 44.99495213303125, -93.25934541000585 44.99944873484988, -93.26569206433344 44.99944873484988, -93.26569206433344 44.99495213303125))"
395,"POLYGON ((-93.26569206433344 44.99944873484988, -93.25934541000585 44.99944873484988, -93.25934541000585 45.0039453366685, -93.26569206433344 45.0039453366685, -93.26569206433344 44.99944873484988))"
396,"POLYGON ((-93.26569206433344 45.0039453366685, -93.25934541000585 45.0039453366685, -93.25934541000585 45.00844193848712, -93.26569206433344 45.00844193848712, -93.26569206433344 45.0039453366685))"
397,"POLYGON ((-93.26569206433344 45.00844193848712, -93.25934541000585 45.00844193848712, -93.25934541000585 45.01293854030575, -93.26569206433344 45.01293854030575, -93.26569206433344 45.00844193848712))"
398,"POLYGON ((-93.26569206433344 45.01293854030575, -93.25934541000585 45.01293854030575, -93.25934541000585 45.01743514212437, -93.26569206433344 45.01743514212437, -93.26569206433344 45.01293854030575))"
399,"POLYGON ((-93.26569206433344 45.01743514212437, -93.25934541000585 45.01743514212437, -93.25934541000585 45.02193174394299, -93.26569206433344 45.02193174394299, -93.26569206433344 45.01743514212437))"
400,"POLYGON ((-93.26569206433344 45.02193174394299, -93.25934541000585 45.02193174394299, -93.25934541000585 45.02642834576162, -93.26569206433344 45.02642834576162, -93.26569206433344 45.02193174394299))"
401,"POLYGON ((-93.26569206433344 45.02642834576162, -93.25934541000585 45.02642834576162, -93.25934541000585 45.03092494758024, -93.26569206433344 45.03092494758024, -93.26569206433344 45.02642834576162))"
402,"POLYGON ((-93.26569206433344 45.03092494758024, -93.25934541000585 45.03092494758024, -93.25934541000585 45.03542154939886, -93.26569206433344 45.03542154939886, -93.26569206433344 45.03092494758024))"
403,"POLYGON ((-93.26569206433344 45.03542154939886, -93.25934541000585 45.03542154939886, -93.25934541000585 45.03991815121748, -93.26569206433344 45.03991815121748, -93.26569206433344 45.03542154939886))"
404,"POLYGON ((-93.26569206433344 45.03991815121748, -93.25934541000585 45.03991815121748, -93.25934541000585 45.04441475303611, -93.26569206433344 45.04441475303611, -93.26569206433344 45.03991815121748))"
405,"POLYGON ((-93.26569206433344 45.04441475303611, -93.25934541000585 45.04441475303611, -93.25934541000585 45.04891135485473, -93.26569206433344 45.04891135485473, -93.26569206433344 45.04441475303611))"
406,"POLYGON ((-93.26569206433344 45.04891135485473, -93.25934541000585 45.04891135485473, -93.25934541000585 45.05340795667335, -93.26569206433344 45.05340795667335, -93.26569206433344 45.04891135485473))"
407,"POLYGON ((-93.25934541000585 44.8870336893843, -93.25299875567826 44.8870336893843, -93.25299875567826 44.89153029120293, -93.25934541000585 44.89153029120293, -93.25934541000585 44.8870336893843))"
408,"POLYGON ((-93.25934541000585 44.89153029120293, -93.25299875567826 44.89153029120293, -93.25299875567826 44.89602689302155, -93.25934541000585 44.89602689302155, -93.25934541000585 44.89153029120293))"
409,"POLYGON ((-93.25934541000585 44.89602689302155, -93.25299875567826 44.89602689302155, -93.25299875567826 44.90052349484017, -93.25934541000585 44.90052349484017, -93.25934541000585 44.89602689302155))"
410,"POLYGON ((-93.25934541000585 44.90052349484017, -93.25299875567826 44.90052349484017, -93.25299875567826 44.9050200966588, -93.25934541000585 44.9050200966588, -93.25934541000585 44.90052349484017))"
411,"POLYGON ((-93.25934541000585 44.9050200966588, -93.25299875567826 44.9050200966588, -93.25299875567826 44.90951669847742, -93.25934541000585 44.90951669847742, -93.25934541000585 44.9050200966588))"
412,"POLYGON ((-93.25934541000585 44.90951669847742, -93.25299875567826 44.90951669847742, -93.25299875567826 44.91401330029604, -93.25934541000585 44.91401330029604, -93.25934541000585 44.90951669847742))"
413,"POLYGON ((-93.25934541000585 44.91401330029604, -93.25299875567826 44.91401330029604, -93.25299875567826 44.91850990211466, -93.25934541000585 44.91850990211466, -93.25934541000585 44.91401330029604))"
414,"POLYGON ((-93.25934541000585 44.91850990211466, -93.25299875567826 44.91850990211466, -93.25299875567826 44.92300650393329, -93.25934541000585 44.92300650393329, -93.25934541000585 44.91850990211466))"
415,"POLYGON ((-93.25934541000585 44.92300650393329, -93.25299875567826 44.92300650393329, -93.25299875567826 44.92750310575191, -93.25934541000585 44.92750310575191, -93.25934541000585 44.92300650393329))"
416,"POLYGON ((-93.25934541000585 44.92750310575191, -93.25299875567826 44.92750310575191, -93.25299875567826 44.93199970757053, -93.25934541000585 44.93199970757053, -93.25934541000585 44.92750310575191))"
417,"POLYGON ((-93.25934541000585 44.93199970757053, -93.25299875567826 44.93199970757053, -93.25299875567826 44.93649630938916, -93.25934541000585 44.93649630938916, -93.25934541000585 44.93199970757053))"
418,"POLYGON ((-93.25934541000585 44.93649630938916, -93.25299875567826 44.93649630938916, -93.25299875567826 44.94099291120778, -93.25934541000585 44.94099291120778, -93.25934541000585 44.93649630938916))"
419,"POLYGON ((-93.25934541000585 44.94099291120778, -93.25299875567826 44.94099291120778, -93.25299875567826 44.9454895130264, -93.25934541000585 44.9454895130264, -93.25934541000585 44.94099291120778))"
420,"POLYGON ((-93.25934541000585 44.9454895130264, -93.25299875567826 44.9454895130264, -93.25299875567826 44.94998611484503, -93.25934541000585 44.94998611484503, -93.25934541000585 44.9454895130264))"
421,"POLYGON ((-93.25934541000585 44.94998611484503, -93.25299875567826 44.94998611484503, -93.25299875567826 44.95448271666365, -93.25934541000585 44.95448271666365, -93.25934541000585 44.94998611484503))"
422,"POLYGON ((-93.25934541000585 44.95448271666365, -93.25299875567826 44.95448271666365, -93.25299875567826 44.95897931848227, -93.25934541000585 44.95897931848227, -93.25934541000585 44.95448271666365))"
423,"POLYGON ((-93.25934541000585 44.95897931848227, -93.25299875567826 44.95897931848227, -93.25299875567826 44.96347592030089, -93.25934541000585 44.96347592030089, -93.25934541000585 44.95897931848227))"
424,"POLYGON ((-93.25934541000585 44.96347592030089, -93.25299875567826 44.96347592030089, -93.25299875567826 44.96797252211952, -93.25934541000585 44.96797252211952, -93.25934541000585 44.96347592030089))"
425,"POLYGON ((-93.25934541000585 44.96797252211952, -93.25299875567826 44.96797252211952, -93.25299875567826 44.97246912393814, -93.25934541000585 44.97246912393814, -93.25934541000585 44.96797252211952))"
426,"POLYGON ((-93.25934541000585 44.97246912393814, -93.25299875567826 44.97246912393814, -93.25299875567826 44.97696572575676, -93.25934541000585 44.97696572575676, -93.25934541000585 44.97246912393814))"
427,"POLYGON ((-93.25934541000585 44.97696572575676, -93.25299875567826 44.97696572575676, -93.25299875567826 44.98146232757539, -93.25934541000585 44.98146232757539, -93.25934541000585 44.97696572575676))"
428,"POLYGON ((-93.25934541000585 44.98146232757539, -93.25299875567826 44.98146232757539, -93.25299875567826 44.98595892939401, -93.25934541000585 44.98595892939401, -93.25934541000585 44.98146232757539))"
429,"POLYGON ((-93.25934541000585 44.98595892939401, -93.25299875567826 44.98595892939401, -93.25299875567826 44.99045553121263, -93.25934541000585 44.99045553121263, -93.25934541000585 44.98595892939401))"
430,"POLYGON ((-93.25934541000585 44.99045553121263, -93.25299875567826 44.99045553121263, -93.25299875567826 44.99495213303125, -93.25934541000585 44.99495213303125, -93.25934541000585 44.99045553121263))"
431,"POLYGON ((-93.25934541000585 44.99495213303125, -93.25299875567826 44.99495213303125, -93.25299875567826 44.99944873484988, -93.25934541000585 44.99944873484988, -93.25934541000585 44.99495213303125))"
432,"POLYGON ((-93.25934541000585 44.99944873484988, -93.25299875567826 44.99944873484988, -93.25299875567826 45.0039453366685, -93.25934541000585 45.0039453366685, -93.25934541000585 44.99944873484988))"
433,"POLYGON ((-93.25934541000585 45.0039453366685, -93.25299875567826 45.0039453366685, -93.25299875567826 45.00844193848712, -93.25934541000585 45.00844193848712, -93.25934541000585 45.0039453366685))"
434,"POLYGON ((-93.25934541000585 45.00844193848712, -93.25299875567826 45.00844193848712, -93.25299875567826 45.01293854030575, -93.25934541000585 45.01293854030575, -93.25934541000585 45.00844193848712))"
435,"POLYGON ((-93.25934541000585 45.01293854030575, -93.25299875567826 45.01293854030575, -93.25299875567826 45.01743514212437, -93.25934541000585 45.01743514212437, -93.25934541000585 45.01293854030575))"
436,"POLYGON ((-93.25934541000585 45.01743514212437, -93.25299875567826 45.01743514212437, -93.25299875567826 45.02193174394299, -93.25934541000585 45.02193174394299, -93.25934541000585 45.01743514212437))"
437,"POLYGON ((-93.25934541000585 45.02193174394299, -93.25299875567826 45.02193174394299, -93.25299875567826 45.02642834576162, -93.25934541000585 45.02642834576162, -93.25934541000585 45.02193174394299))"
438,"POLYGON ((-93.25934541000585 45.02642834576162, -93.25299875567826 45.02642834576162, -93.25299875567826 45.03092494758024, -93.25934541000585 45.03092494758024, -93.25934541000585 45.02642834576162))"
439,"POLYGON ((-93.25934541000585 45.03092494758024, -93.25299875567826 45.03092494758024, -93.25299875567826 45.03542154939886, -93.25934541000585 45.03542154939886, -93.25934541000585 45.03092494758024))"
440,"POLYGON ((-93.25934541000585 45.03542154939886, -93.25299875567826 45.03542154939886, -93.25299875567826 45.03991815121748, -93.25934541000585 45.03991815121748, -93.25934541000585 45.03542154939886))"
441,"POLYGON ((-93.25934541000585 45.03991815121748, -93.25299875567826 45.03991815121748, -93.25299875567826 45.04441475303611, -93.25934541000585 45.04441475303611, -93.25934541000585 45.03991815121748))"
442,"POLYGON ((-93.25934541000585 45.04441475303611, -93.25299875567826 45.04441475303611, -93.25299875567826 45.04891135485473, -93.25934541000585 45.04891135485473, -93.25934541000585 45.04441475303611))"
443,"POLYGON ((-93.25934541000585 45.04891135485473, -93.25299875567826 45.04891135485473, -93.25299875567826 45.05340795667335, -93.25934541000585 45.05340795667335, -93.25934541000585 45.04891135485473))"
444,"POLYGON ((-93.25299875567826 44.8870336893843, -93.24665210135068 44.8870336893843, -93.24665210135068 44.89153029120293, -93.25299875567826 44.89153029120293, -93.25299875567826 44.8870336893843))"
445,"POLYGON ((-93.25299875567826 44.89153029120293, -93.24665210135068 44.89153029120293, -93.24665210135068 44.89602689302155, -93.25299875567826 44.89602689302155, -93.25299875567826 44.89153029120293))"
446,"POLYGON ((-93.25299875567826 44.89602689302155, -93.24665210135068 44.89602689302155, -93.24665210135068 44.90052349484017, -93.25299875567826 44.90052349484017, -93.25299875567826 44.89602689302155))"
447,"POLYGON ((-93.25299875567826 44.90052349484017, -93.24665210135068 44.90052349484017, -93.24665210135068 44.9050200966588, -93.25299875567826 44.9050200966588, -93.25299875567826 44.90052349484017))"
448,"POLYGON ((-93.25299875567826 44.9050200966588, -93.24665210135068 44.9050200966588, -93.24665210135068 44.90951669847742, -93.25299875567826 44.90951669847742, -93.25299875567826 44.9050200966588))"
449,"POLYGON ((-93.25299875567826 44.90951669847742, -93.24665210135068 44.90951669847742, -93.24665210135068 44.91401330029604, -93.25299875567826 44.91401330029604, -93.25299875567826 44.90951669847742))"
450,"POLYGON ((-93.25299875567826 44.91401330029604, -93.24665210135068 44.91401330029604, -93.24665210135068 44.91850990211466, -93.25299875567826 44.91850990211466, -93.25299875567826 44.91401330029604))"
451,"POLYGON ((-93.25299875567826 44.91850990211466, -93.24665210135068 44.91850990211466, -93.24665210135068 44.92300650393329, -93.25299875567826 44.92300650393329, -93.25299875567826 44.91850990211466))"
452,"POLYGON ((-93.25299875567826 44.92300650393329, -93.24665210135068 44.92300650393329, -93.24665210135068 44.92750310575191, -93.25299875567826 44.92750310575191, -93.25299875567826 44.92300650393329))"
453,"POLYGON ((-93.25299875567826 44.92750310575191, -93.24665210135068 44.92750310575191, -93.24665210135068 44.93199970757053, -93.25299875567826 44.93199970757053, -93.25299875567826 44.92750310575191))"
454,"POLYGON ((-93.25299875567826 44.93199970757053, -93.24665210135068 44.93199970757053, -93.24665210135068 44.93649630938916, -93.25299875567826 44.93649630938916, -93.25299875567826 44.93199970757053))"
455,"POLYGON ((-93.25299875567826 44.93649630938916, -93.24665210135068 44.93649630938916, -93.24665210135068 44.94099291120778, -93.25299875567826 44.94099291120778, -93.25299875567826 44.93649630938916))"
456,"POLYGON ((-93.25299875567826 44.94099291120778, -93.24665210135068 44.94099291120778, -93.24665210135068 44.9454895130264, -93.25299875567826 44.9454895130264, -93.25299875567826 44.94099291120778))"
457,"POLYGON ((-93.25299875567826 44.9454895130264, -93.24665210135068 44.9454895130264, -93.24665210135068 44.94998611484503, -93.25299875567826 44.94998611484503, -93.25299875567826 44.9454895130264))"
458,"POLYGON ((-93.25299875567826 44.94998611484503, -93.24665210135068 44.94998611484503, -93.24665210135068 44.95448271666365, -93.25299875567826 44.95448271666365, -93.25299875567826 44.94998611484503))"
459,"POLYGON ((-93.25299875567826 44.95448271666365, -93.24665210135068 44.95448271666365, -93.24665210135068 44.95897931848227, -93.25299875567826 44.95897931848227, -93.25299875567826 44.95448271666365))"
460,"POLYGON ((-93.25299875567826 44.95897931848227, -93.24665210135068 44.95897931848227, -93.24665210135068 44.96347592030089, -93.25299875567826 44.96347592030089, -93.25299875567826 44.95897931848227))"
461,"POLYGON ((-93.25299875567826 44.96347592030089, -93.24665210135068 44.96347592030089, -93.24665210135068 44.96797252211952, -93.25299875567826 44.96797252211952, -93.25299875567826 44.96347592030089))"
462,"POLYGON ((-93.25299875567826 44.96797252211952, -93.24665210135068 44.96797252211952, -93.24665210135068 44.97246912393814, -93.25299875567826 44.97246912393814, -93.25299875567826 44.96797252211952))"
463,"POLYGON ((-93.25299875567826 44.97246912393814, -93.24665210135068 44.97246912393814, -93.24665210135068 44.97696572575676, -93.25299875567826 44.97696572575676, -93.25299875567826 44.97246912393814))"
464,"POLYGON ((-93.25299875567826 44.97696572575676, -93.24665210135068 44.97696572575676, -93.24665210135068 44.98146232757539, -93.25299875567826 44.98146232757539, -93.25299875567826 44.97696572575676))"
465,"POLYGON ((-93.25299875567826 44.98146232757539, -93.24665210135068 44.98146232757539, -93.24665210135068 44.98595892939401, -93.25299875567826 44.98595892939401, -93.25299875567826 44.98146232757539))"
466,"POLYGON ((-93.25299875567826 44.98595892939401, -93.24665210135068 44.98595892939401, -93.24665210135068 44.99045553121263, -93.25299875567826 44.99045553121263, -93.25299875567826 44.98595892939401))"
467,"POLYGON ((-93.25299875567826 44.99045553121263, -93.24665210135068 44.99045553121263, -93.24665210135068 44.99495213303125, -93.25299875567826 44.99495213303125, -93.25299875567826 44.99045553121263))"
468,"POLYGON ((-93.25299875567826 44.99495213303125, -93.24665210135068 44.99495213303125, -93.24665210135068 44.99944873484988, -93.25299875567826 44.99944873484988, -93.25299875567826 44.99495213303125))"
469,"POLYGON ((-93.25299875567826 44.99944873484988, -93.24665210135068 44.99944873484988, -93.24665210135068 45.0039453366685, -93.25299875567826 45.0039453366685, -93.25299875567826 44.99944873484988))"
470,"POLYGON ((-93.25299875567826 45.0039453366685, -93.24665210135068 45.0039453366685, -93.24665210135068 45.00844193848712, -93.25299875567826 45.00844193848712, -93.25299875567826 45.0039453366685))"
471,"POLYGON ((-93.25299875567826 45.00844193848712, -93.24665210135068 45.00844193848712, -93.24665210135068 45.01293854030575, -93.25299875567826 45.01293854030575, -93.25299875567826 45.00844193848712))"
472,"POLYGON ((-93.25299875567826 45.01293854030575, -93.24665210135068 45.01293854030575, -93.24665210135068 45.01743514212437, -93.25299875567826 45.01743514212437, -93.25299875567826 45.01293854030575))"
473,"POLYGON ((-93.25299875567826 45.01743514212437, -93.24665210135068 45.01743514212437, -93.24665210135068 45.02193174394299, -93.25299875567826 45.02193174394299, -93.25299875567826 45.01743514212437))"
474,"POLYGON ((-93.25299875567826 45.02193174394299, -93.24665210135068 45.02193174394299, -93.24665210135068 45.02642834576162, -93.25299875567826 45.02642834576162, -93.25299875567826 45.02193174394299))"
475,"POLYGON ((-93.25299875567826 45.02642834576162, -93.24665210135068 45.02642834576162, -93.24665210135068 45.03092494758024, -93.25299875567826 45.03092494758024, -93.25299875567826 45.02642834576162))"
476,"POLYGON ((-93.25299875567826 45.03092494758024, -93.24665210135068 45.03092494758024, -93.24665210135068 45.03542154939886, -93.25299875567826 45.03542154939886, -93.25299875567826 45.03092494758024))"
477,"POLYGON ((-93.25299875567826 45.03542154939886, -93.24665210135068 45.03542154939886, -93.24665210135068 45.03991815121748, -93.25299875567826 45.03991815121748, -93.25299875567826 45.03542154939886))"
478,"POLYGON ((-93.25299875567826 45.03991815121748, -93.24665210135068 45.03991815121748, -93.24665210135068 45.04441475303611, -93.25299875567826 45.04441475303611, -93.25299875567826 45.03991815121748))"
479,"POLYGON ((-93.25299875567826 45.04441475303611, -93.24665210135068 45.04441475303611, -93.24665210135068 45.04891135485473, -93.25299875567826 45.04891135485473, -93.25299875567826 45.04441475303611))"
480,"POLYGON ((-93.25299875567826 45.04891135485473, -93.24665210135068 45.04891135485473, -93.24665210135068 45.05340795667335, -93.25299875567826 45.05340795667335, -93.25299875567826 45.04891135485473))"
481,"POLYGON ((-93.24665210135068 44.8870336893843, -93.24030544702309 44.8870336893843, -93.24030544702309 44.89153029120293, -93.24665210135068 44.89153029120293, -93.24665210135068 44.8870336893843))"
482,"POLYGON ((-93.24665210135068 44.89153029120293, -93.24030544702309 44.89153029120293, -93.24030544702309 44.89602689302155, -93.24665210135068 44.89602689302155, -93.24665210135068 44.89153029120293))"
483,"POLYGON ((-93.24665210135068 44.89602689302155, -93.24030544702309 44.89602689302155, -93.24030544702309 44.90052349484017, -93.24665210135068 44.90052349484017, -93.24665210135068 44.89602689302155))"
484,"POLYGON ((-93.24665210135068 44.90052349484017, -93.24030544702309 44.90052349484017, -93.24030544702309 44.9050200966588, -93.24665210135068 44.9050200966588, -93.24665210135068 44.90052349484017))"
485,"POLYGON ((-93.24665210135068 44.9050200966588, -93.24030544702309 44.9050200966588, -93.24030544702309 44.90951669847742, -93.24665210135068 44.90951669847742, -93.24665210135068 44.9050200966588))"
486,"POLYGON ((-93.24665210135068 44.90951669847742, -93.24030544702309 44.90951669847742, -93.24030544702309 44.91401330029604, -93.24665210135068 44.91401330029604, -93.24665210135068 44.90951669847742))"
487,"POLYGON ((-93.24665210135068 44.91401330029604, -93.24030544702309 44.91401330029604, -93.24030544702309 44.91850990211466, -93.24665210135068 44.91850990211466, -93.24665210135068 44.91401330029604))"
488,"POLYGON ((-93.24665210135068 44.91850990211466, -93.24030544702309 44.91850990211466, -93.24030544702309 44.92300650393329, -93.24665210135068 44.92300650393329, -93.24665210135068 44.91850990211466))"
489,"POLYGON ((-93.24665210135068 44.92300650393329, -93.24030544702309 44.92300650393329, -93.24030544702309 44.92750310575191, -93.24665210135068 44.92750310575191, -93.24665210135068 44.92300650393329))"
490,"POLYGON ((-93.24665210135068 44.92750310575191, -93.24030544702309 44.92750310575191, -93.24030544702309 44.93199970757053, -93.24665210135068 44.93199970757053, -93.24665210135068 44.92750310575191))"
491,"POLYGON ((-93.24665210135068 44.93199970757053, -93.24030544702309 44.93199970757053, -93.24030544702309 44.93649630938916, -93.24665210135068 44.93649630938916, -93.24665210135068 44.93199970757053))"
492,"POLYGON ((-93.24665210135068 44.93649630938916, -93.24030544702309 44.93649630938916, -93.24030544702309 44.94099291120778, -93.24665210135068 44.94099291120778, -93.24665210135068 44.93649630938916))"
493,"POLYGON ((-93.24665210135068 44.94099291120778, -93.24030544702309 44.94099291120778, -93.24030544702309 44.9454895130264, -93.24665210135068 44.9454895130264, -93.24665210135068 44.94099291120778))"
494,"POLYGON ((-93.24665210135068 44.9454895130264, -93.24030544702309 44.9454895130264, -93.24030544702309 44.94998611484503, -93.24665210135068 44.94998611484503, -93.24665210135068 44.9454895130264))"
495,"POLYGON ((-93.24665210135068 44.94998611484503, -93.24030544702309 44.94998611484503, -93.24030544702309 44.95448271666365, -93.24665210135068 44.95448271666365, -93.24665210135068 44.94998611484503))"
496,"POLYGON ((-93.24665210135068 44.95448271666365, -93.24030544702309 44.95448271666365, -93.24030544702309 44.95897931848227, -93.24665210135068 44.95897931848227, -93.24665210135068 44.95448271666365))"
497,"POLYGON ((-93.24665210135068 44.95897931848227, -93.24030544702309 44.95897931848227, -93.24030544702309 44.96347592030089, -93.24665210135068 44.96347592030089, -93.24665210135068 44.95897931848227))"
498,"POLYGON ((-93.24665210135068 44.96347592030089, -93.24030544702309 44.96347592030089, -93.24030544702309 44.96797252211952, -93.24665210135068 44.96797252211952, -93.24665210135068 44.96347592030089))"
499,"POLYGON ((-93.24665210135068 44.96797252211952, -93.24030544702309 44.96797252211952, -93.24030544702309 44.97246912393814, -93.24665210135068 44.97246912393814, -93.24665210135068 44.96797252211952))"
500,"POLYGON ((-93.24665210135068 44.97246912393814, -93.24030544702309 44.97246912393814, -93.24030544702309 44.97696572575676, -93.24665210135068 44.97696572575676, -93.24665210135068 44.97246912393814))"
501,"POLYGON ((-93.24665210135068 44.97696572575676, -93.24030544702309 44.97696572575676, -93.24030544702309 44.98146232757539, -93.24665210135068 44.98146232757539, -93.24665210135068 44.97696572575676))"
502,"POLYGON ((-93.24665210135068 44.98146232757539, -93.24030544702309 44.98146232757539, -93.24030544702309 44.98595892939401, -93.24665210135068 44.98595892939401, -93.24665210135068 44.98146232757539))"
503,"POLYGON ((-93.24665210135068 44.98595892939401, -93.24030544702309 44.98595892939401, -93.24030544702309 44.99045553121263, -93.24665210135068 44.99045553121263, -93.24665210135068 44.98595892939401))"
504,"POLYGON ((-93.24665210135068 44.99045553121263, -93.24030544702309 44.99045553121263, -93.24030544702309 44.99495213303125, -93.24665210135068 44.99495213303125, -93.24665210135068 44.99045553121263))"
505,"POLYGON ((-93.24665210135068 44.99495213303125, -93.24030544702309 44.99495213303125, -93.24030544702309 44.99944873484988, -93.24665210135068 44.99944873484988, -93.24665210135068 44.99495213303125))"
506,"POLYGON ((-93.24665210135068 44.99944873484988, -93.24030544702309 44.99944873484988, -93.24030544702309 45.0039453366685, -93.24665210135068 45.0039453366685, -93.24665210135068 44.99944873484988))"
507,"POLYGON ((-93.24665210135068 45.0039453366685, -93.24030544702309 45.0039453366685, -93.24030544702309 45.00844193848712, -93.24665210135068 45.00844193848712, -93.24665210135068 45.0039453366685))"
508,"POLYGON ((-93.24665210135068 45.00844193848712, -93.24030544702309 45.00844193848712, -93.24030544702309 45.01293854030575, -93.24665210135068 45.01293854030575, -93.24665210135068 45.00844193848712))"
509,"POLYGON ((-93.24665210135068 45.01293854030575, -93.24030544702309 45.01293854030575, -93.24030544702309 45.01743514212437, -93.24665210135068 45.01743514212437, -93.24665210135068 45.01293854030575))"
510,"POLYGON ((-93.24665210135068 45.01743514212437, -93.24030544702309 45.01743514212437, -93.24030544702309 45.02193174394299, -93.24665210135068 45.02193174394299, -93.24665210135068 45.01743514212437))"
511,"POLYGON ((-93.24665210135068 45.02193174394299, -93.24030544702309 45.02193174394299, -93.24030544702309 45.02642834576162, -93.24665210135068 45.02642834576162, -93.24665210135068 45.02193174394299))"
512,"POLYGON ((-93.24665210135068 45.02642834576162, -93.24030544702309 45.02642834576162, -93.24030544702309 45.03092494758024, -93.24665210135068 45.03092494758024, -93.24665210135068 45.02642834576162))"
513,"POLYGON ((-93.24665210135068 45.03092494758024, -93.24030544702309 45.03092494758024, -93.24030544702309 45.03542154939886, -93.24665210135068 45.03542154939886, -93.24665210135068 45.03092494758024))"
514,"POLYGON ((-93.24665210135068 45.03542154939886, -93.24030544702309 45.03542154939886, -93.24030544702309 45.03991815121748, -93.24665210135068 45.03991815121748, -93.24665210135068 45.03542154939886))"
515,"POLYGON ((-93.24665210135068 45.03991815121748, -93.24030544702309 45.03991815121748, -93.24030544702309 45.04441475303611, -93.24665210135068 45.04441475303611, -93.24665210135068 45.03991815121748))"
516,"POLYGON ((-93.24665210135068 45.04441475303611, -93.24030544702309 45.04441475303611, -93.24030544702309 45.04891135485473, -93.24665210135068 45.04891135485473, -93.24665210135068 45.04441475303611))"
517,"POLYGON ((-93.24665210135068 45.04891135485473, -93.24030544702309 45.04891135485473, -93.24030544702309 45.05340795667335, -93.24665210135068 45.05340795667335, -93.24665210135068 45.04891135485473))"
518,"POLYGON ((-93.24030544702309 44.8870336893843, -93.2339587926955 44.8870336893843, -93.2339587926955 44.89153029120293, -93.24030544702309 44.89153029120293, -93.24030544702309 44.8870336893843))"
519,"POLYGON ((-93.24030544702309 44.89153029120293, -93.2339587926955 44.89153029120293, -93.2339587926955 44.89602689302155, -93.24030544702309 44.89602689302155, -93.24030544702309 44.89153029120293))"
520,"POLYGON ((-93.24030544702309 44.89602689302155, -93.2339587926955 44.89602689302155, -93.2339587926955 44.90052349484017, -93.24030544702309 44.90052349484017, -93.24030544702309 44.89602689302155))"
521,"POLYGON ((-93.24030544702309 44.90052349484017, -93.2339587926955 44.90052349484017, -93.2339587926955 44.9050200966588, -93.24030544702309 44.9050200966588, -93.24030544702309 44.90052349484017))"
522,"POLYGON ((-93.24030544702309 44.9050200966588, -93.2339587926955 44.9050200966588, -93.2339587926955 44.90951669847742, -93.24030544702309 44.90951669847742, -93.24030544702309 44.9050200966588))"
523,"POLYGON ((-93.24030544702309 44.90951669847742, -93.2339587926955 44.90951669847742, -93.2339587926955 44.91401330029604, -93.24030544702309 44.91401330029604, -93.24030544702309 44.90951669847742))"
524,"POLYGON ((-93.24030544702309 44.91401330029604, -93.2339587926955 44.91401330029604, -93.2339587926955 44.91850990211466, -93.24030544702309 44.91850990211466, -93.24030544702309 44.91401330029604))"
525,"POLYGON ((-93.24030544702309 44.91850990211466, -93.2339587926955 44.91850990211466, -93.2339587926955 44.92300650393329, -93.24030544702309 44.92300650393329, -93.24030544702309 44.91850990211466))"
526,"POLYGON ((-93.24030544702309 44.92300650393329, -93.2339587926955 44.92300650393329, -93.2339587926955 44.92750310575191, -93.24030544702309 44.92750310575191, -93.24030544702309 44.92300650393329))"
527,"POLYGON ((-93.24030544702309 44.92750310575191, -93.2339587926955 44.92750310575191, -93.2339587926955 44.93199970757053, -93.24030544702309 44.93199970757053, -93.24030544702309 44.92750310575191))"
528,"POLYGON ((-93.24030544702309 44.93199970757053, -93.2339587926955 44.93199970757053, -93.2339587926955 44.93649630938916, -93.24030544702309 44.93649630938916, -93.24030544702309 44.93199970757053))"
529,"POLYGON ((-93.24030544702309 44.93649630938916, -93.2339587926955 44.93649630938916, -93.2339587926955 44.94099291120778, -93.24030544702309 44.94099291120778, -93.24030544702309 44.93649630938916))"
530,"POLYGON ((-93.24030544702309 44.94099291120778, -93.2339587926955 44.94099291120778, -93.2339587926955 44.9454895130264, -93.24030544702309 44.9454895130264, -93.24030544702309 44.94099291120778))"
531,"POLYGON ((-93.24030544702309 44.9454895130264, -93.2339587926955 44.9454895130264, -93.2339587926955 44.94998611484503, -93.24030544702309 44.94998611484503, -93.24030544702309 44.9454895130264))"
532,"POLYGON ((-93.24030544702309 44.94998611484503, -93.2339587926955 44.94998611484503, -93.2339587926955 44.95448271666365, -93.24030544702309 44.95448271666365, -93.24030544702309 44.94998611484503))"
533,"POLYGON ((-93.24030544702309 44.95448271666365, -93.2339587926955 44.95448271666365, -93.2339587926955 44.95897931848227, -93.24030544702309 44.95897931848227, -93.24030544702309 44.95448271666365))"
534,"POLYGON ((-93.24030544702309 44.95897931848227, -93.2339587926955 44.95897931848227, -93.2339587926955 44.96347592030089, -93.24030544702309 44.96347592030089, -93.24030544702309 44.95897931848227))"
535,"POLYGON ((-93.24030544702309 44.96347592030089, -93.2339587926955 44.96347592030089, -93.2339587926955 44.96797252211952, -93.24030544702309 44.96797252211952, -93.24030544702309 44.96347592030089))"
536,"POLYGON ((-93.24030544702309 44.96797252211952, -93.2339587926955 44.96797252211952, -93.2339587926955 44.97246912393814, -93.24030544702309 44.97246912393814, -93.24030544702309 44.96797252211952))"
537,"POLYGON ((-93.24030544702309 44.97246912393814, -93.2339587926955 44.97246912393814, -93.2339587926955 44.97696572575676, -93.24030544702309 44.97696572575676, -93.24030544702309 44.97246912393814))"
538,"POLYGON ((-93.24030544702309 44.97696572575676, -93.2339587926955 44.97696572575676, -93.2339587926955 44.98146232757539, -93.24030544702309 44.98146232757539, -93.24030544702309 44.97696572575676))"
539,"POLYGON ((-93.24030544702309 44.98146232757539, -93.2339587926955 44.98146232757539, -93.2339587926955 44.98595892939401, -93.24030544702309 44.98595892939401, -93.24030544702309 44.98146232757539))"
540,"POLYGON ((-93.24030544702309 44.98595892939401, -93.2339587926955 44.98595892939401, -93.2339587926955 44.99045553121263, -93.24030544702309 44.99045553121263, -93.24030544702309 44.98595892939401))"
541,"POLYGON ((-93.24030544702309 44.99045553121263, -93.2339587926955 44.99045553121263, -93.2339587926955 44.99495213303125, -93.24030544702309 44.99495213303125, -93.24030544702309 44.99045553121263))"
542,"POLYGON ((-93.24030544702309 44.99495213303125, -93.2339587926955 44.99495213303125, -93.2339587926955 44.99944873484988, -93.24030544702309 44.99944873484988, -93.24030544702309 44.99495213303125))"
543,"POLYGON ((-93.24030544702309 44.99944873484988, -93.2339587926955 44.99944873484988, -93.2339587926955 45.0039453366685, -93.24030544702309 45.0039453366685, -93.24030544702309 44.99944873484988))"
544,"POLYGON ((-93.24030544702309 45.0039453366685, -93.2339587926955 45.0039453366685, -93.2339587926955 45.00844193848712, -93.24030544702309 45.00844193848712, -93.24030544702309 45.0039453366685))"
545,"POLYGON ((-93.24030544702309 45.00844193848712, -93.2339587926955 45.00844193848712, -93.2339587926955 45.01293854030575, -93.24030544702309 45.01293854030575, -93.24030544702309 45.00844193848712))"
546,"POLYGON ((-93.24030544702309 45.01293854030575, -93.2339587926955 45.01293854030575, -93.2339587926955 45.01743514212437, -93.24030544702309 45.01743514212437, -93.24030544702309 45.01293854030575))"
547,"POLYGON ((-93.24030544702309 45.01743514212437, -93.2339587926955 45.01743514212437, -93.2339587926955 45.02193174394299, -93.24030544702309 45.02193174394299, -93.24030544702309 45.01743514212437))"
548,"POLYGON ((-93.24030544702309 45.02193174394299, -93.2339587926955 45.02193174394299, -93.2339587926955 45.02642834576162, -93.24030544702309 45.02642834576162, -93.24030544702309 45.02193174394299))"
549,"POLYGON ((-93.24030544702309 45.02642834576162, -93.2339587926955 45.02642834576162, -93.2339587926955 45.03092494758024, -93.24030544702309 45.03092494758024, -93.24030544702309 45.02642834576162))"
550,"POLYGON ((-93.24030544702309 45.03092494758024, -93.2339587926955 45.03092494758024, -93.2339587926955 45.03542154939886, -93.24030544702309 45.03542154939886, -93.24030544702309 45.03092494758024))"
551,"POLYGON ((-93.24030544702309 45.03542154939886, -93.2339587926955 45.03542154939886, -93.2339587926955 45.03991815121748, -93.24030544702309 45.03991815121748, -93.24030544702309 45.03542154939886))"
552,"POLYGON ((-93.24030544702309 45.03991815121748, -93.2339587926955 45.03991815121748, -93.2339587926955 45.04441475303611, -93.24030544702309 45.04441475303611, -93.24030544702309 45.03991815121748))"
553,"POLYGON ((-93.24030544702309 45.04441475303611, -93.2339587926955 45.04441475303611, -93.2339587926955 45.04891135485473, -93.24030544702309 45.04891135485473, -93.24030544702309 45.04441475303611))"
554,"POLYGON ((-93.24030544702309 45.04891135485473, -93.2339587926955 45.04891135485473, -93.2339587926955 45.05340795667335, -93.24030544702309 45.05340795667335, -93.24030544702309 45.04891135485473))"
555,"POLYGON ((-93.2339587926955 44.8870336893843, -93.22761213836792 44.8870336893843, -93.22761213836792 44.89153029120293, -93.2339587926955 44.89153029120293, -93.2339587926955 44.8870336893843))"
556,"POLYGON ((-93.2339587926955 44.89153029120293, -93.22761213836792 44.89153029120293, -93.22761213836792 44.89602689302155, -93.2339587926955 44.89602689302155, -93.2339587926955 44.89153029120293))"
557,"POLYGON ((-93.2339587926955 44.89602689302155, -93.22761213836792 44.89602689302155, -93.22761213836792 44.90052349484017, -93.2339587926955 44.90052349484017, -93.2339587926955 44.89602689302155))"
558,"POLYGON ((-93.2339587926955 44.90052349484017, -93.22761213836792 44.90052349484017, -93.22761213836792 44.9050200966588, -93.2339587926955 44.9050200966588, -93.2339587926955 44.90052349484017))"
559,"POLYGON ((-93.2339587926955 44.9050200966588, -93.22761213836792 44.9050200966588, -93.22761213836792 44.90951669847742, -93.2339587926955 44.90951669847742, -93.2339587926955 44.9050200966588))"
560,"POLYGON ((-93.2339587926955 44.90951669847742, -93.22761213836792 44.90951669847742, -93.22761213836792 44.91401330029604, -93.2339587926955 44.91401330029604, -93.2339587926955 44.90951669847742))"
561,"POLYGON ((-93.2339587926955 44.91401330029604, -93.22761213836792 44.91401330029604, -93.22761213836792 44.91850990211466, -93.2339587926955 44.91850990211466, -93.2339587926955 44.91401330029604))"
562,"POLYGON ((-93.2339587926955 44.91850990211466, -93.22761213836792 44.91850990211466, -93.22761213836792 44.92300650393329, -93.2339587926955 44.92300650393329, -93.2339587926955 44.91850990211466))"
563,"POLYGON ((-93.2339587926955 44.92300650393329, -93.22761213836792 44.92300650393329, -93.22761213836792 44.92750310575191, -93.2339587926955 44.92750310575191, -93.2339587926955 44.92300650393329))"
564,"POLYGON ((-93.2339587926955 44.92750310575191, -93.22761213836792 44.92750310575191, -93.22761213836792 44.93199970757053, -93.2339587926955 44.93199970757053, -93.2339587926955 44.92750310575191))"
565,"POLYGON ((-93.2339587926955 44.93199970757053, -93.22761213836792 44.93199970757053, -93.22761213836792 44.93649630938916, -93.2339587926955 44.93649630938916, -93.2339587926955 44.93199970757053))"
566,"POLYGON ((-93.2339587926955 44.93649630938916, -93.22761213836792 44.93649630938916, -93.22761213836792 44.94099291120778, -93.2339587926955 44.94099291120778, -93.2339587926955 44.93649630938916))"
567,"POLYGON ((-93.2339587926955 44.94099291120778, -93.22761213836792 44.94099291120778, -93.22761213836792 44.9454895130264, -93.2339587926955 44.9454895130264, -93.2339587926955 44.94099291120778))"
568,"POLYGON ((-93.2339587926955 44.9454895130264, -93.22761213836792 44.9454895130264, -93.22761213836792 44.94998611484503, -93.2339587926955 44.94998611484503, -93.2339587926955 44.9454895130264))"
569,"POLYGON ((-93.2339587926955 44.94998611484503, -93.22761213836792 44.94998611484503, -93.22761213836792 44.95448271666365, -93.2339587926955 44.95448271666365, -93.2339587926955 44.94998611484503))"
570,"POLYGON ((-93.2339587926955 44.95448271666365, -93.22761213836792 44.95448271666365, -93.22761213836792 44.95897931848227, -93.2339587926955 44.95897931848227, -93.2339587926955 44.95448271666365))"
571,"POLYGON ((-93.2339587926955 44.95897931848227, -93.22761213836792 44.95897931848227, -93.22761213836792 44.96347592030089, -93.2339587926955 44.96347592030089, -93.2339587926955 44.95897931848227))"
572,"POLYGON ((-93.2339587926955 44.96347592030089, -93.22761213836792 44.96347592030089, -93.22761213836792 44.96797252211952, -93.2339587926955 44.96797252211952, -93.2339587926955 44.96347592030089))"
573,"POLYGON ((-93.2339587926955 44.96797252211952, -93.22761213836792 44.96797252211952, -93.22761213836792 44.97246912393814, -93.2339587926955 44.97246912393814, -93.2339587926955 44.96797252211952))"
574,"POLYGON ((-93.2339587926955 44.97246912393814, -93.22761213836792 44.97246912393814, -93.22761213836792 44.97696572575676, -93.2339587926955 44.97696572575676, -93.2339587926955 44.97246912393814))"
575,"POLYGON ((-93.2339587926955 44.97696572575676, -93.22761213836792 44.97696572575676, -93.22761213836792 44.98146232757539, -93.2339587926955 44.98146232757539, -93.2339587926955 44.97696572575676))"
576,"POLYGON ((-93.2339587926955 44.98146232757539, -93.22761213836792 44.98146232757539, -93.22761213836792 44.98595892939401, -93.2339587926955 44.98595892939401, -93.2339587926955 44.98146232757539))"
577,"POLYGON ((-93.2339587926955 44.98595892939401, -93.22761213836792 44.98595892939401, -93.22761213836792 44.99045553121263, -93.2339587926955 44.99045553121263, -93.2339587926955 44.98595892939401))"
578,"POLYGON ((-93.2339587926955 44.99045553121263, -93.22761213836792 44.99045553121263, -93.22761213836792 44.99495213303125, -93.2339587926955 44.99495213303125, -93.2339587926955 44.99045553121263))"
579,"POLYGON ((-93.2339587926955 44.99495213303125, -93.22761213836792 44.99495213303125, -93.22761213836792 44.99944873484988, -93.2339587926955 44.99944873484988, -93.2339587926955 44.99495213303125))"
580,"POLYGON ((-93.2339587926955 44.99944873484988, -93.22761213836792 44.99944873484988, -93.22761213836792 45.0039453366685, -93.2339587926955 45.0039453366685, -93.2339587926955 44.99944873484988))"
581,"POLYGON ((-93.2339587926955 45.0039453366685, -93.22761213836792 45.0039453366685, -93.22761213836792 45.00844193848712, -93.2339587926955 45.00844193848712, -93.2339587926955 45.0039453366685))"
582,"POLYGON ((-93.2339587926955 45.00844193848712, -93.22761213836792 45.00844193848712, -93.22761213836792 45.01293854030575, -93.2339587926955 45.01293854030575, -93.2339587926955 45.00844193848712))"
583,"POLYGON ((-93.2339587926955 45.01293854030575, -93.22761213836792 45.01293854030575, -93.22761213836792 45.01743514212437, -93.2339587926955 45.01743514212437, -93.2339587926955 45.01293854030575))"
584,"POLYGON ((-93.2339587926955 45.01743514212437, -93.22761213836792 45.01743514212437, -93.22761213836792 45.02193174394299, -93.2339587926955 45.02193174394299, -93.2339587926955 45.01743514212437))"
585,"POLYGON ((-93.2339587926955 45.02193174394299, -93.22761213836792 45.02193174394299, -93.22761213836792 45.02642834576162, -93.2339587926955 45.02642834576162, -93.2339587926955 45.02193174394299))"
586,"POLYGON ((-93.2339587926955 45.02642834576162, -93.22761213836792 45.02642834576162, -93.22761213836792 45.03092494758024, -93.2339587926955 45.03092494758024, -93.2339587926955 45.02642834576162))"
587,"POLYGON ((-93.2339587926955 45.03092494758024, -93.22761213836792 45.03092494758024, -93.22761213836792 45.03542154939886, -93.2339587926955 45.03542154939886, -93.2339587926955 45.03092494758024))"
588,"POLYGON ((-93.2339587926955 45.03542154939886, -93.22761213836792 45.03542154939886, -93.22761213836792 45.03991815121748, -93.2339587926955 45.03991815121748, -93.2339587926955 45.03542154939886))"
589,"POLYGON ((-93.2339587926955 45.03991815121748, -93.22761213836792 45.03991815121748, -93.22761213836792 45.04441475303611, -93.2339587926955 45.04441475303611, -93.2339587926955 45.03991815121748))"
590,"POLYGON ((-93.2339587926955 45.04441475303611, -93.22761213836792 45.04441475303611, -93.22761213836792 45.04891135485473, -93.2339587926955 45.04891135485473, -93.2339587926955 45.04441475303611))"
591,"POLYGON ((-93.2339587926955 45.04891135485473, -93.22761213836792 45.04891135485473, -93.22761213836792 45.05340795667335, -93.2339587926955 45.05340795667335, -93.2339587926955 45.04891135485473))"
592,"POLYGON ((-93.22761213836792 44.8870336893843, -93.22126548404033 44.8870336893843, -93.22126548404033 44.89153029120293, -93.22761213836792 44.89153029120293, -93.22761213836792 44.8870336893843))"
593,"POLYGON ((-93.22761213836792 44.89153029120293, -93.22126548404033 44.89153029120293, -93.22126548404033 44.89602689302155, -93.22761213836792 44.89602689302155, -93.22761213836792 44.89153029120293))"
594,"POLYGON ((-93.22761213836792 44.89602689302155, -93.22126548404033 44.89602689302155, -93.22126548404033 44.90052349484017, -93.22761213836792 44.90052349484017, -93.22761213836792 44.89602689302155))"
595,"POLYGON ((-93.22761213836792 44.90052349484017, -93.22126548404033 44.90052349484017, -93.22126548404033 44.9050200966588, -93.22761213836792 44.9050200966588, -93.22761213836792 44.90052349484017))"
596,"POLYGON ((-93.22761213836792 44.9050200966588, -93.22126548404033 44.9050200966588, -93.22126548404033 44.90951669847742, -93.22761213836792 44.90951669847742, -93.22761213836792 44.9050200966588))"
597,"POLYGON ((-93.22761213836792 44.90951669847742, -93.22126548404033 44.90951669847742, -93.22126548404033 44.91401330029604, -93.22761213836792 44.91401330029604, -93.22761213836792 44.90951669847742))"
598,"POLYGON ((-93.22761213836792 44.91401330029604, -93.22126548404033 44.91401330029604, -93.22126548404033 44.91850990211466, -93.22761213836792 44.91850990211466, -93.22761213836792 44.91401330029604))"
599,"POLYGON ((-93.22761213836792 44.91850990211466, -93.22126548404033 44.91850990211466, -93.22126548404033 44.92300650393329, -93.22761213836792 44.92300650393329, -93.22761213836792 44.91850990211466))"
600,"POLYGON ((-93.22761213836792 44.92300650393329, -93.22126548404033 44.92300650393329, -93.22126548404033 44.92750310575191, -93.22761213836792 44.92750310575191, -93.22761213836792 44.92300650393329))"
601,"POLYGON ((-93.22761213836792 44.92750310575191, -93.22126548404033 44.92750310575191, -93.22126548404033 44.93199970757053, -93.22761213836792 44.93199970757053, -93.22761213836792 44.92750310575191))"
602,"POLYGON ((-93.22761213836792 44.93199970757053, -93.22126548404033 44.93199970757053, -93.22126548404033 44.93649630938916, -93.22761213836792 44.93649630938916, -93.22761213836792 44.93199970757053))"
603,"POLYGON ((-93.22761213836792 44.93649630938916, -93.22126548404033 44.93649630938916, -93.22126548404033 44.94099291120778, -93.22761213836792 44.94099291120778, -93.22761213836792 44.93649630938916))"
604,"POLYGON ((-93.22761213836792 44.94099291120778, -93.22126548404033 44.94099291120778, -93.22126548404033 44.9454895130264, -93.22761213836792 44.9454895130264, -93.22761213836792 44.94099291120778))"
605,"POLYGON ((-93.22761213836792 44.9454895130264, -93.22126548404033 44.9454895130264, -93.22126548404033 44.94998611484503, -93.22761213836792 44.94998611484503, -93.22761213836792 44.9454895130264))"
606,"POLYGON ((-93.22761213836792 44.94998611484503, -93.22126548404033 44.94998611484503, -93.22126548404033 44.95448271666365, -93.22761213836792 44.95448271666365, -93.22761213836792 44.94998611484503))"
607,"POLYGON ((-93.22761213836792 44.95448271666365, -93.22126548404033 44.95448271666365, -93.22126548404033 44.95897931848227, -93.22761213836792 44.95897931848227, -93.22761213836792 44.95448271666365))"
608,"POLYGON ((-93.22761213836792 44.95897931848227, -93.22126548404033 44.95897931848227, -93.22126548404033 44.96347592030089, -93.22761213836792 44.96347592030089, -93.22761213836792 44.95897931848227))"
609,"POLYGON ((-93.22761213836792 44.96347592030089, -93.22126548404033 44.96347592030089, -93.22126548404033 44.96797252211952, -93.22761213836792 44.96797252211952, -93.22761213836792 44.96347592030089))"
610,"POLYGON ((-93.22761213836792 44.96797252211952, -93.22126548404033 44.96797252211952, -93.22126548404033 44.97246912393814, -93.22761213836792 44.97246912393814, -93.22761213836792 44.96797252211952))"
611,"POLYGON ((-93.22761213836792 44.97246912393814, -93.22126548404033 44.97246912393814, -93.22126548404033 44.97696572575676, -93.22761213836792 44.97696572575676, -93.22761213836792 44.97246912393814))"
612,"POLYGON ((-93.22761213836792 44.97696572575676, -93.22126548404033 44.97696572575676, -93.22126548404033 44.98146232757539, -93.22761213836792 44.98146232757539, -93.22761213836792 44.97696572575676))"
613,"POLYGON ((-93.22761213836792 44.98146232757539, -93.22126548404033 44.98146232757539, -93.22126548404033 44.98595892939401, -93.22761213836792 44.98595892939401, -93.22761213836792 44.98146232757539))"
614,"POLYGON ((-93.22761213836792 44.98595892939401, -93.22126548404033 44.98595892939401, -93.22126548404033 44.99045553121263, -93.22761213836792 44.99045553121263, -93.22761213836792 44.98595892939401))"
615,"POLYGON ((-93.22761213836792 44.99045553121263, -93.22126548404033 44.99045553121263, -93.22126548404033 44.99495213303125, -93.22761213836792 44.99495213303125, -93.22761213836792 44.99045553121263))"
616,"POLYGON ((-93.22761213836792 44.99495213303125, -93.22126548404033 44.99495213303125, -93.22126548404033 44.99944873484988, -93.22761213836792 44.99944873484988, -93.22761213836792 44.99495213303125))"
617,"POLYGON ((-93.22761213836792 44.99944873484988, -93.22126548404033 44.99944873484988, -93.22126548404033 45.0039453366685, -93.22761213836792 45.0039453366685, -93.22761213836792 44.99944873484988))"
618,"POLYGON ((-93.22761213836792 45.0039453366685, -93.22126548404033 45.0039453366685, -93.22126548404033 45.00844193848712, -93.22761213836792 45.00844193848712, -93.22761213836792 45.0039453366685))"
619,"POLYGON ((-93.22761213836792 45.00844193848712, -93.22126548404033 45.00844193848712, -93.22126548404033 45.01293854030575, -93.22761213836792 45.01293854030575, -93.22761213836792 45.00844193848712))"
620,"POLYGON ((-93.22761213836792 45.01293854030575, -93.22126548404033 45.01293854030575, -93.22126548404033 45.01743514212437, -93.22761213836792 45.01743514212437, -93.22761213836792 45.01293854030575))"
621,"POLYGON ((-93.22761213836792 45.01743514212437, -93.22126548404033 45.01743514212437, -93.22126548404033 45.02193174394299, -93.22761213836792 45.02193174394299, -93.22761213836792 45.01743514212437))"
622,"POLYGON ((-93.22761213836792 45.02193174394299, -93.22126548404033 45.02193174394299, -93.22126548404033 45.02642834576162, -93.22761213836792 45.02642834576162, -93.22761213836792 45.02193174394299))"
623,"POLYGON ((-93.22761213836792 45.02642834576162, -93.22126548404033 45.02642834576162, -93.22126548404033 45.03092494758024, -93.22761213836792 45.03092494758024, -93.22761213836792 45.02642834576162))"
624,"POLYGON ((-93.22761213836792 45.03092494758024, -93.22126548404033 45.03092494758024, -93.22126548404033 45.03542154939886, -93.22761213836792 45.03542154939886, -93.22761213836792 45.03092494758024))"
625,"POLYGON ((-93.22761213836792 45.03542154939886, -93.22126548404033 45.03542154939886, -93.22126548404033 45.03991815121748, -93.22761213836792 45.03991815121748, -93.22761213836792 45.03542154939886))"
626,"POLYGON ((-93.22761213836792 45.03991815121748, -93.22126548404033 45.03991815121748, -93.22126548404033 45.04441475303611, -93.22761213836792 45.04441475303611, -93.22761213836792 45.03991815121748))"
627,"POLYGON ((-93.22761213836792 45.04441475303611, -93.22126548404033 45.04441475303611, -93.22126548404033 45.04891135485473, -93.22761213836792 45.04891135485473, -93.22761213836792 45.04441475303611))"
628,"POLYGON ((-93.22761213836792 45.04891135485473, -93.22126548404033 45.04891135485473, -93.22126548404033 45.05340795667335, -93.22761213836792 45.05340795667335, -93.22761213836792 45.04891135485473))"
629,"POLYGON ((-93.22126548404033 44.8870336893843, -93.21491882971274 44.8870336893843, -93.21491882971274 44.89153029120293, -93.22126548404033 44.89153029120293, -93.22126548404033 44.8870336893843))"
630,"POLYGON ((-93.22126548404033 44.89153029120293, -93.21491882971274 44.89153029120293, -93.21491882971274 44.89602689302155, -93.22126548404033 44.89602689302155, -93.22126548404033 44.89153029120293))"
631,"POLYGON ((-93.22126548404033 44.89602689302155, -93.21491882971274 44.89602689302155, -93.21491882971274 44.90052349484017, -93.22126548404033 44.90052349484017, -93.22126548404033 44.89602689302155))"
632,"POLYGON ((-93.22126548404033 44.90052349484017, -93.21491882971274 44.90052349484017, -93.21491882971274 44.9050200966588, -93.22126548404033 44.9050200966588, -93.22126548404033 44.90052349484017))"
633,"POLYGON ((-93.22126548404033 44.9050200966588, -93.21491882971274 44.9050200966588, -93.21491882971274 44.90951669847742, -93.22126548404033 44.90951669847742, -93.22126548404033 44.9050200966588))"
634,"POLYGON ((-93.22126548404033 44.90951669847742, -93.21491882971274 44.90951669847742, -93.21491882971274 44.91401330029604, -93.22126548404033 44.91401330029604, -93.22126548404033 44.90951669847742))"
635,"POLYGON ((-93.22126548404033 44.91401330029604, -93.21491882971274 44.91401330029604, -93.21491882971274 44.91850990211466, -93.22126548404033 44.91850990211466, -93.22126548404033 44.91401330029604))"
636,"POLYGON ((-93.22126548404033 44.91850990211466, -93.21491882971274 44.91850990211466, -93.21491882971274 44.92300650393329, -93.22126548404033 44.92300650393329, -93.22126548404033 44.91850990211466))"
637,"POLYGON ((-93.22126548404033 44.92300650393329, -93.21491882971274 44.92300650393329, -93.21491882971274 44.92750310575191, -93.22126548404033 44.92750310575191, -93.22126548404033 44.92300650393329))"
638,"POLYGON ((-93.22126548404033 44.92750310575191, -93.21491882971274 44.92750310575191, -93.21491882971274 44.93199970757053, -93.22126548404033 44.93199970757053, -93.22126548404033 44.92750310575191))"
639,"POLYGON ((-93.22126548404033 44.93199970757053, -93.21491882971274 44.93199970757053, -93.21491882971274 44.93649630938916, -93.22126548404033 44.93649630938916, -93.22126548404033 44.93199970757053))"
640,"POLYGON ((-93.22126548404033 44.93649630938916, -93.21491882971274 44.93649630938916, -93.21491882971274 44.94099291120778, -93.22126548404033 44.94099291120778, -93.22126548404033 44.93649630938916))"
641,"POLYGON ((-93.22126548404033 44.94099291120778, -93.21491882971274 44.94099291120778, -93.21491882971274 44.9454895130264, -93.22126548404033 44.9454895130264, -93.22126548404033 44.94099291120778))"
642,"POLYGON ((-93.22126548404033 44.9454895130264, -93.21491882971274 44.9454895130264, -93.21491882971274 44.94998611484503, -93.22126548404033 44.94998611484503, -93.22126548404033 44.9454895130264))"
643,"POLYGON ((-93.22126548404033 44.94998611484503, -93.21491882971274 44.94998611484503, -93.21491882971274 44.95448271666365, -93.22126548404033 44.95448271666365, -93.22126548404033 44.94998611484503))"
644,"POLYGON ((-93.22126548404033 44.95448271666365, -93.21491882971274 44.95448271666365, -93.21491882971274 44.95897931848227, -93.22126548404033 44.95897931848227, -93.22126548404033 44.95448271666365))"
645,"POLYGON ((-93.22126548404033 44.95897931848227, -93.21491882971274 44.95897931848227, -93.21491882971274 44.96347592030089, -93.22126548404033 44.96347592030089, -93.22126548404033 44.95897931848227))"
646,"POLYGON ((-93.22126548404033 44.96347592030089, -93.21491882971274 44.96347592030089, -93.21491882971274 44.96797252211952, -93.22126548404033 44.96797252211952, -93.22126548404033 44.96347592030089))"
647,"POLYGON ((-93.22126548404033 44.96797252211952, -93.21491882971274 44.96797252211952, -93.21491882971274 44.97246912393814, -93.22126548404033 44.97246912393814, -93.22126548404033 44.96797252211952))"
648,"POLYGON ((-93.22126548404033 44.97246912393814, -93.21491882971274 44.97246912393814, -93.21491882971274 44.97696572575676, -93.22126548404033 44.97696572575676, -93.22126548404033 44.97246912393814))"
649,"POLYGON ((-93.22126548404033 44.97696572575676, -93.21491882971274 44.97696572575676, -93.21491882971274 44.98146232757539, -93.22126548404033 44.98146232757539, -93.22126548404033 44.97696572575676))"
650,"POLYGON ((-93.22126548404033 44.98146232757539, -93.21491882971274 44.98146232757539, -93.21491882971274 44.98595892939401, -93.22126548404033 44.98595892939401, -93.22126548404033 44.98146232757539))"
651,"POLYGON ((-93.22126548404033 44.98595892939401, -93.21491882971274 44.98595892939401, -93.21491882971274 44.99045553121263, -93.22126548404033 44.99045553121263, -93.22126548404033 44.98595892939401))"
652,"POLYGON ((-93.22126548404033 44.99045553121263, -93.21491882971274 44.99045553121263, -93.21491882971274 44.99495213303125, -93.22126548404033 44.99495213303125, -93.22126548404033 44.99045553121263))"
653,"POLYGON ((-93.22126548404033 44.99495213303125, -93.21491882971274 44.99495213303125, -93.21491882971274 44.99944873484988, -93.22126548404033 44.99944873484988, -93.22126548404033 44.99495213303125))"
654,"POLYGON ((-93.22126548404033 44.99944873484988, -93.21491882971274 44.99944873484988, -93.21491882971274 45.0039453366685, -93.22126548404033 45.0039453366685, -93.22126548404033 44.99944873484988))"
655,"POLYGON ((-93.22126548404033 45.0039453366685, -93.21491882971274 45.0039453366685, -93.21491882971274 45.00844193848712, -93.22126548404033 45.00844193848712, -93.22126548404033 45.0039453366685))"
656,"POLYGON ((-93.22126548404033 45.00844193848712, -93.21491882971274 45.00844193848712, -93.21491882971274 45.01293854030575, -93.22126548404033 45.01293854030575, -93.22126548404033 45.00844193848712))"
657,"POLYGON ((-93.22126548404033 45.01293854030575, -93.21491882971274 45.01293854030575, -93.21491882971274 45.01743514212437, -93.22126548404033 45.01743514212437, -93.22126548404033 45.01293854030575))"
658,"POLYGON ((-93.22126548404033 45.01743514212437, -93.21491882971274 45.01743514212437, -93.21491882971274 45.02193174394299, -93.22126548404033 45.02193174394299, -93.22126548404033 45.01743514212437))"
659,"POLYGON ((-93.22126548404033 45.02193174394299, -93.21491882971274 45.02193174394299, -93.21491882971274 45.02642834576162, -93.22126548404033 45.02642834576162, -93.22126548404033 45.02193174394299))"
660,"POLYGON ((-93.22126548404033 45.02642834576162, -93.21491882971274 45.02642834576162, -93.21491882971274 45.03092494758024, -93.22126548404033 45.03092494758024, -93.22126548404033 45.02642834576162))"
661,"POLYGON ((-93.22126548404033 45.03092494758024, -93.21491882971274 45.03092494758024, -93.21491882971274 45.03542154939886, -93.22126548404033 45.03542154939886, -93.22126548404033 45.03092494758024))"
662,"POLYGON ((-93.22126548404033 45.03542154939886, -93.21491882971274 45.03542154939886, -93.21491882971274 45.03991815121748, -93.22126548404033 45.03991815121748, -93.22126548404033 45.03542154939886))"
663,"POLYGON ((-93.22126548404033 45.03991815121748, -93.21491882971274 45.03991815121748, -93.21491882971274 45.04441475303611, -93.22126548404033 45.04441475303611, -93.22126548404033 45.03991815121748))"
664,"POLYGON ((-93.22126548404033 45.04441475303611, -93.21491882971274 45.04441475303611, -93.21491882971274 45.04891135485473, -93.22126548404033 45.04891135485473, -93.22126548404033 45.04441475303611))"
665,"POLYGON ((-93.22126548404033 45.04891135485473, -93.21491882971274 45.04891135485473, -93.21491882971274 45.05340795667335, -93.22126548404033 45.05340795667335, -93.22126548404033 45.04891135485473))"
666,"POLYGON ((-93.21491882971274 44.8870336893843, -93.20857217538516 44.8870336893843, -93.20857217538516 44.89153029120293, -93.21491882971274 44.89153029120293, -93.21491882971274 44.8870336893843))"
667,"POLYGON ((-93.21491882971274 44.89153029120293, -93.20857217538516 44.89153029120293, -93.20857217538516 44.89602689302155, -93.21491882971274 44.89602689302155, -93.21491882971274 44.89153029120293))"
668,"POLYGON ((-93.21491882971274 44.89602689302155, -93.20857217538516 44.89602689302155, -93.20857217538516 44.90052349484017, -93.21491882971274 44.90052349484017, -93.21491882971274 44.89602689302155))"
669,"POLYGON ((-93.21491882971274 44.90052349484017, -93.20857217538516 44.90052349484017, -93.20857217538516 44.9050200966588, -93.21491882971274 44.9050200966588, -93.21491882971274 44.90052349484017))"
670,"POLYGON ((-93.21491882971274 44.9050200966588, -93.20857217538516 44.9050200966588, -93.20857217538516 44.90951669847742, -93.21491882971274 44.90951669847742, -93.21491882971274 44.9050200966588))"
671,"POLYGON ((-93.21491882971274 44.90951669847742, -93.20857217538516 44.90951669847742, -93.20857217538516 44.91401330029604, -93.21491882971274 44.91401330029604, -93.21491882971274 44.90951669847742))"
672,"POLYGON ((-93.21491882971274 44.91401330029604, -93.20857217538516 44.91401330029604, -93.20857217538516 44.91850990211466, -93.21491882971274 44.91850990211466, -93.21491882971274 44.91401330029604))"
673,"POLYGON ((-93.21491882971274 44.91850990211466, -93.20857217538516 44.91850990211466, -93.20857217538516 44.92300650393329, -93.21491882971274 44.92300650393329, -93.21491882971274 44.91850990211466))"
674,"POLYGON ((-93.21491882971274 44.92300650393329, -93.20857217538516 44.92300650393329, -93.20857217538516 44.92750310575191, -93.21491882971274 44.92750310575191, -93.21491882971274 44.92300650393329))"
675,"POLYGON ((-93.21491882971274 44.92750310575191, -93.20857217538516 44.92750310575191, -93.20857217538516 44.93199970757053, -93.21491882971274 44.93199970757053, -93.21491882971274 44.92750310575191))"
676,"POLYGON ((-93.21491882971274 44.93199970757053, -93.20857217538516 44.93199970757053, -93.20857217538516 44.93649630938916, -93.21491882971274 44.93649630938916, -93.21491882971274 44.93199970757053))"
677,"POLYGON ((-93.21491882971274 44.93649630938916, -93.20857217538516 44.93649630938916, -93.20857217538516 44.94099291120778, -93.21491882971274 44.94099291120778, -93.21491882971274 44.93649630938916))"
678,"POLYGON ((-93.21491882971274 44.94099291120778, -93.20857217538516 44.94099291120778, -93.20857217538516 44.9454895130264, -93.21491882971274 44.9454895130264, -93.21491882971274 44.94099291120778))"
679,"POLYGON ((-93.21491882971274 44.9454895130264, -93.20857217538516 44.9454895130264, -93.20857217538516 44.94998611484503, -93.21491882971274 44.94998611484503, -93.21491882971274 44.9454895130264))"
680,"POLYGON ((-93.21491882971274 44.94998611484503, -93.20857217538516 44.94998611484503, -93.20857217538516 44.95448271666365, -93.21491882971274 44.95448271666365, -93.21491882971274 44.94998611484503))"
681,"POLYGON ((-93.21491882971274 44.95448271666365, -93.20857217538516 44.95448271666365, -93.20857217538516 44.95897931848227, -93.21491882971274 44.95897931848227, -93.21491882971274 44.95448271666365))"
682,"POLYGON ((-93.21491882971274 44.95897931848227, -93.20857217538516 44.95897931848227, -93.20857217538516 44.96347592030089, -93.21491882971274 44.96347592030089, -93.21491882971274 44.95897931848227))"
683,"POLYGON ((-93.21491882971274 44.96347592030089, -93.20857217538516 44.96347592030089, -93.20857217538516 44.96797252211952, -93.21491882971274 44.96797252211952, -93.21491882971274 44.96347592030089))"
684,"POLYGON ((-93.21491882971274 44.96797252211952, -93.20857217538516 44.96797252211952, -93.20857217538516 44.97246912393814, -93.21491882971274 44.97246912393814, -93.21491882971274 44.96797252211952))"
685,"POLYGON ((-93.21491882971274 44.97246912393814, -93.20857217538516 44.97246912393814, -93.20857217538516 44.97696572575676, -93.21491882971274 44.97696572575676, -93.21491882971274 44.97246912393814))"
686,"POLYGON ((-93.21491882971274 44.97696572575676, -93.20857217538516 44.97696572575676, -93.20857217538516 44.98146232757539, -93.21491882971274 44.98146232757539, -93.21491882971274 44.97696572575676))"
687,"POLYGON ((-93.21491882971274 44.98146232757539, -93.20857217538516 44.98146232757539, -93.20857217538516 44.98595892939401, -93.21491882971274 44.98595892939401, -93.21491882971274 44.98146232757539))"
688,"POLYGON ((-93.21491882971274 44.98595892939401, -93.20857217538516 44.98595892939401, -93.20857217538516 44.99045553121263, -93.21491882971274 44.99045553121263, -93.21491882971274 44.98595892939401))"
689,"POLYGON ((-93.21491882971274 44.99045553121263, -93.20857217538516 44.99045553121263, -93.20857217538516 44.99495213303125, -93.21491882971274 44.99495213303125, -93.21491882971274 44.99045553121263))"
690,"POLYGON ((-93.21491882971274 44.99495213303125, -93.20857217538516 44.99495213303125, -93.20857217538516 44.99944873484988, -93.21491882971274 44.99944873484988, -93.21491882971274 44.99495213303125))"
691,"POLYGON ((-93.21491882971274 44.99944873484988, -93.20857217538516 44.99944873484988, -93.20857217538516 45.0039453366685, -93.21491882971274 45.0039453366685, -93.21491882971274 44.99944873484988))"
692,"POLYGON ((-93.21491882971274 45.0039453366685, -93.20857217538516 45.0039453366685, -93.20857217538516 45.00844193848712, -93.21491882971274 45.00844193848712, -93.21491882971274 45.0039453366685))"
693,"POLYGON ((-93.21491882971274 45.00844193848712, -93.20857217538516 45.00844193848712, -93.20857217538516 45.01293854030575, -93.21491882971274 45.01293854030575, -93.21491882971274 45.00844193848712))"
694,"POLYGON ((-93.21491882971274 45.01293854030575, -93.20857217538516 45.01293854030575, -93.20857217538516 45.01743514212437, -93.21491882971274 45.01743514212437, -93.21491882971274 45.01293854030575))"
695,"POLYGON ((-93.21491882971274 45.01743514212437, -93.20857217538516 45.01743514212437, -93.20857217538516 45.02193174394299, -93.21491882971274 45.02193174394299, -93.21491882971274 45.01743514212437))"
696,"POLYGON ((-93.21491882971274 45.02193174394299, -93.20857217538516 45.02193174394299, -93.20857217538516 45.02642834576162, -93.21491882971274 45.02642834576162, -93.21491882971274 45.02193174394299))"
697,"POLYGON ((-93.21491882971274 45.02642834576162, -93.20857217538516 45.02642834576162, -93.20857217538516 45.03092494758024, -93.21491882971274 45.03092494758024, -93.21491882971274 45.02642834576162))"
698,"POLYGON ((-93.21491882971274 45.03092494758024, -93.20857217538516 45.03092494758024, -93.20857217538516 45.03542154939886, -93.21491882971274 45.03542154939886, -93.21491882971274 45.03092494758024))"
699,"POLYGON ((-93.21491882971274 45.03542154939886, -93.20857217538516 45.03542154939886, -93.20857217538516 45.03991815121748, -93.21491882971274 45.03991815121748, -93.21491882971274 45.03542154939886))"
700,"POLYGON ((-93.21491882971274 45.03991815121748, -93.20857217538516 45.03991815121748, -93.20857217538516 45.04441475303611, -93.21491882971274 45.04441475303611, -93.21491882971274 45.03991815121748))"
701,"POLYGON ((-93.21491882971274 45.04441475303611, -93.20857217538516 45.04441475303611, -93.20857217538516 45.04891135485473, -93.21491882971274 45.04891135485473, -93.21491882971274 45.04441475303611))"
702,"POLYGON ((-93.21491882971274 45.04891135485473, -93.20857217538516 45.04891135485473, -93.20857217538516 45.05340795667335, -93.21491882971274 45.05340795667335, -93.21491882971274 45.04891135485473))"
703,"POLYGON ((-93.20857217538516 44.8870336893843, -93.20222552105757 44.8870336893843, -93.20222552105757 44.89153029120293, -93.20857217538516 44.89153029120293, -93.20857217538516 44.8870336893843))"
704,"POLYGON ((-93.20857217538516 44.89153029120293, -93.20222552105757 44.89153029120293, -93.20222552105757 44.89602689302155, -93.20857217538516 44.89602689302155, -93.20857217538516 44.89153029120293))"
705,"POLYGON ((-93.20857217538516 44.89602689302155, -93.20222552105757 44.89602689302155, -93.20222552105757 44.90052349484017, -93.20857217538516 44.90052349484017, -93.20857217538516 44.89602689302155))"
706,"POLYGON ((-93.20857217538516 44.90052349484017, -93.20222552105757 44.90052349484017, -93.20222552105757 44.9050200966588, -93.20857217538516 44.9050200966588, -93.20857217538516 44.90052349484017))"
707,"POLYGON ((-93.20857217538516 44.9050200966588, -93.20222552105757 44.9050200966588, -93.20222552105757 44.90951669847742, -93.20857217538516 44.90951669847742, -93.20857217538516 44.9050200966588))"
708,"POLYGON ((-93.20857217538516 44.90951669847742, -93.20222552105757 44.90951669847742, -93.20222552105757 44.91401330029604, -93.20857217538516 44.91401330029604, -93.20857217538516 44.90951669847742))"
709,"POLYGON ((-93.20857217538516 44.91401330029604, -93.20222552105757 44.91401330029604, -93.20222552105757 44.91850990211466, -93.20857217538516 44.91850990211466, -93.20857217538516 44.91401330029604))"
710,"POLYGON ((-93.20857217538516 44.91850990211466, -93.20222552105757 44.91850990211466, -93.20222552105757 44.92300650393329, -93.20857217538516 44.92300650393329, -93.20857217538516 44.91850990211466))"
711,"POLYGON ((-93.20857217538516 44.92300650393329, -93.20222552105757 44.92300650393329, -93.20222552105757 44.92750310575191, -93.20857217538516 44.92750310575191, -93.20857217538516 44.92300650393329))"
712,"POLYGON ((-93.20857217538516 44.92750310575191, -93.20222552105757 44.92750310575191, -93.20222552105757 44.93199970757053, -93.20857217538516 44.93199970757053, -93.20857217538516 44.92750310575191))"
713,"POLYGON ((-93.20857217538516 44.93199970757053, -93.20222552105757 44.93199970757053, -93.20222552105757 44.93649630938916, -93.20857217538516 44.93649630938916, -93.20857217538516 44.93199970757053))"
714,"POLYGON ((-93.20857217538516 44.93649630938916, -93.20222552105757 44.93649630938916, -93.20222552105757 44.94099291120778, -93.20857217538516 44.94099291120778, -93.20857217538516 44.93649630938916))"
715,"POLYGON ((-93.20857217538516 44.94099291120778, -93.20222552105757 44.94099291120778, -93.20222552105757 44.9454895130264, -93.20857217538516 44.9454895130264, -93.20857217538516 44.94099291120778))"
716,"POLYGON ((-93.20857217538516 44.9454895130264, -93.20222552105757 44.9454895130264, -93.20222552105757 44.94998611484503, -93.20857217538516 44.94998611484503, -93.20857217538516 44.9454895130264))"
717,"POLYGON ((-93.20857217538516 44.94998611484503, -93.20222552105757 44.94998611484503, -93.20222552105757 44.95448271666365, -93.20857217538516 44.95448271666365, -93.20857217538516 44.94998611484503))"
718,"POLYGON ((-93.20857217538516 44.95448271666365, -93.20222552105757 44.95448271666365, -93.20222552105757 44.95897931848227, -93.20857217538516 44.95897931848227, -93.20857217538516 44.95448271666365))"
719,"POLYGON ((-93.20857217538516 44.95897931848227, -93.20222552105757 44.95897931848227, -93.20222552105757 44.96347592030089, -93.20857217538516 44.96347592030089, -93.20857217538516 44.95897931848227))"
720,"POLYGON ((-93.20857217538516 44.96347592030089, -93.20222552105757 44.96347592030089, -93.20222552105757 44.96797252211952, -93.20857217538516 44.96797252211952, -93.20857217538516 44.96347592030089))"
721,"POLYGON ((-93.20857217538516 44.96797252211952, -93.20222552105757 44.96797252211952, -93.20222552105757 44.97246912393814, -93.20857217538516 44.97246912393814, -93.20857217538516 44.96797252211952))"
722,"POLYGON ((-93.20857217538516 44.97246912393814, -93.20222552105757 44.97246912393814, -93.20222552105757 44.97696572575676, -93.20857217538516 44.97696572575676, -93.20857217538516 44.97246912393814))"
723,"POLYGON ((-93.20857217538516 44.97696572575676, -93.20222552105757 44.97696572575676, -93.20222552105757 44.98146232757539, -93.20857217538516 44.98146232757539, -93.20857217538516 44.97696572575676))"
724,"POLYGON ((-93.20857217538516 44.98146232757539, -93.20222552105757 44.98146232757539, -93.20222552105757 44.98595892939401, -93.20857217538516 44.98595892939401, -93.20857217538516 44.98146232757539))"
725,"POLYGON ((-93.20857217538516 44.98595892939401, -93.20222552105757 44.98595892939401, -93.20222552105757 44.99045553121263, -93.20857217538516 44.99045553121263, -93.20857217538516 44.98595892939401))"
726,"POLYGON ((-93.20857217538516 44.99045553121263, -93.20222552105757 44.99045553121263, -93.20222552105757 44.99495213303125, -93.20857217538516 44.99495213303125, -93.20857217538516 44.99045553121263))"
727,"POLYGON ((-93.20857217538516 44.99495213303125, -93.20222552105757 44.99495213303125, -93.20222552105757 44.99944873484988, -93.20857217538516 44.99944873484988, -93.20857217538516 44.99495213303125))"
728,"POLYGON ((-93.20857217538516 44.99944873484988, -93.20222552105757 44.99944873484988, -93.20222552105757 45.0039453366685, -93.20857217538516 45.0039453366685, -93.20857217538516 44.99944873484988))"
729,"POLYGON ((-93.20857217538516 45.0039453366685, -93.20222552105757 45.0039453366685, -93.20222552105757 45.00844193848712, -93.20857217538516 45.00844193848712, -93.20857217538516 45.0039453366685))"
730,"POLYGON ((-93.20857217538516 45.00844193848712, -93.20222552105757 45.00844193848712, -93.20222552105757 45.01293854030575, -93.20857217538516 45.01293854030575, -93.20857217538516 45.00844193848712))"
731,"POLYGON ((-93.20857217538516 45.01293854030575, -93.20222552105757 45.01293854030575, -93.20222552105757 45.01743514212437, -93.20857217538516 45.01743514212437, -93.20857217538516 45.01293854030575))"
732,"POLYGON ((-93.20857217538516 45.01743514212437, -93.20222552105757 45.01743514212437, -93.20222552105757 45.02193174394299, -93.20857217538516 45.02193174394299, -93.20857217538516 45.01743514212437))"
733,"POLYGON ((-93.20857217538516 45.02193174394299, -93.20222552105757 45.02193174394299, -93.20222552105757 45.02642834576162, -93.20857217538516 45.02642834576162, -93.20857217538516 45.02193174394299))"
734,"POLYGON ((-93.20857217538516 45.02642834576162, -93.20222552105757 45.02642834576162, -93.20222552105757 45.03092494758024, -93.20857217538516 45.03092494758024, -93.20857217538516 45.02642834576162))"
735,"POLYGON ((-93.20857217538516 45.03092494758024, -93.20222552105757 45.03092494758024, -93.20222552105757 45.03542154939886, -93.20857217538516 45.03542154939886, -93.20857217538516 45.03092494758024))"
736,"POLYGON ((-93.20857217538516 45.03542154939886, -93.20222552105757 45.03542154939886, -93.20222552105757 45.03991815121748, -93.20857217538516 45.03991815121748, -93.20857217538516 45.03542154939886))"
737,"POLYGON ((-93.20857217538516 45.03991815121748, -93.20222552105757 45.03991815121748, -93.20222552105757 45.04441475303611, -93.20857217538516 45.04441475303611, -93.20857217538516 45.03991815121748))"
738,"POLYGON ((-93.20857217538516 45.04441475303611, -93.20222552105757 45.04441475303611, -93.20222552105757 45.04891135485473, -93.20857217538516 45.04891135485473, -93.20857217538516 45.04441475303611))"
739,"POLYGON ((-93.20857217538516 45.04891135485473, -93.20222552105757 45.04891135485473, -93.20222552105757 45.05340795667335, -93.20857217538516 45.05340795667335, -93.20857217538516 45.04891135485473))"
740,"POLYGON ((-93.20222552105757 44.8870336893843, -93.19587886672998 44.8870336893843, -93.19587886672998 44.89153029120293, -93.20222552105757 44.89153029120293, -93.20222552105757 44.8870336893843))"
741,"POLYGON ((-93.20222552105757 44.89153029120293, -93.19587886672998 44.89153029120293, -93.19587886672998 44.89602689302155, -93.20222552105757 44.89602689302155, -93.20222552105757 44.89153029120293))"
742,"POLYGON ((-93.20222552105757 44.89602689302155, -93.19587886672998 44.89602689302155, -93.19587886672998 44.90052349484017, -93.20222552105757 44.90052349484017, -93.20222552105757 44.89602689302155))"
743,"POLYGON ((-93.20222552105757 44.90052349484017, -93.19587886672998 44.90052349484017, -93.19587886672998 44.9050200966588, -93.20222552105757 44.9050200966588, -93.20222552105757 44.90052349484017))"
744,"POLYGON ((-93.20222552105757 44.9050200966588, -93.19587886672998 44.9050200966588, -93.19587886672998 44.90951669847742, -93.20222552105757 44.90951669847742, -93.20222552105757 44.9050200966588))"
745,"POLYGON ((-93.20222552105757 44.90951669847742, -93.19587886672998 44.90951669847742, -93.19587886672998 44.91401330029604, -93.20222552105757 44.91401330029604, -93.20222552105757 44.90951669847742))"
746,"POLYGON ((-93.20222552105757 44.91401330029604, -93.19587886672998 44.91401330029604, -93.19587886672998 44.91850990211466, -93.20222552105757 44.91850990211466, -93.20222552105757 44.91401330029604))"
747,"POLYGON ((-93.20222552105757 44.91850990211466, -93.19587886672998 44.91850990211466, -93.19587886672998 44.92300650393329, -93.20222552105757 44.92300650393329, -93.20222552105757 44.91850990211466))"
748,"POLYGON ((-93.20222552105757 44.92300650393329, -93.19587886672998 44.92300650393329, -93.19587886672998 44.92750310575191, -93.20222552105757 44.92750310575191, -93.20222552105757 44.92300650393329))"
749,"POLYGON ((-93.20222552105757 44.92750310575191, -93.19587886672998 44.92750310575191, -93.19587886672998 44.93199970757053, -93.20222552105757 44.93199970757053, -93.20222552105757 44.92750310575191))"
750,"POLYGON ((-93.20222552105757 44.93199970757053, -93.19587886672998 44.93199970757053, -93.19587886672998 44.93649630938916, -93.20222552105757 44.93649630938916, -93.20222552105757 44.93199970757053))"
751,"POLYGON ((-93.20222552105757 44.93649630938916, -93.19587886672998 44.93649630938916, -93.19587886672998 44.94099291120778, -93.20222552105757 44.94099291120778, -93.20222552105757 44.93649630938916))"
752,"POLYGON ((-93.20222552105757 44.94099291120778, -93.19587886672998 44.94099291120778, -93.19587886672998 44.9454895130264, -93.20222552105757 44.9454895130264, -93.20222552105757 44.94099291120778))"
753,"POLYGON ((-93.20222552105757 44.9454895130264, -93.19587886672998 44.9454895130264, -93.19587886672998 44.94998611484503, -93.20222552105757 44.94998611484503, -93.20222552105757 44.9454895130264))"
754,"POLYGON ((-93.20222552105757 44.94998611484503, -93.19587886672998 44.94998611484503, -93.19587886672998 44.95448271666365, -93.20222552105757 44.95448271666365, -93.20222552105757 44.94998611484503))"
755,"POLYGON ((-93.20222552105757 44.95448271666365, -93.19587886672998 44.95448271666365, -93.19587886672998 44.95897931848227, -93.20222552105757 44.95897931848227, -93.20222552105757 44.95448271666365))"
756,"POLYGON ((-93.20222552105757 44.95897931848227, -93.19587886672998 44.95897931848227, -93.19587886672998 44.96347592030089, -93.20222552105757 44.96347592030089, -93.20222552105757 44.95897931848227))"
757,"POLYGON ((-93.20222552105757 44.96347592030089, -93.19587886672998 44.96347592030089, -93.19587886672998 44.96797252211952, -93.20222552105757 44.96797252211952, -93.20222552105757 44.96347592030089))"
758,"POLYGON ((-93.20222552105757 44.96797252211952, -93.19587886672998 44.96797252211952, -93.19587886672998 44.97246912393814, -93.20222552105757 44.97246912393814, -93.20222552105757 44.96797252211952))"
759,"POLYGON ((-93.20222552105757 44.97246912393814, -93.19587886672998 44.97246912393814, -93.19587886672998 44.97696572575676, -93.20222552105757 44.97696572575676, -93.20222552105757 44.97246912393814))"
760,"POLYGON ((-93.20222552105757 44.97696572575676, -93.19587886672998 44.97696572575676, -93.19587886672998 44.98146232757539, -93.20222552105757 44.98146232757539, -93.20222552105757 44.97696572575676))"
761,"POLYGON ((-93.20222552105757 44.98146232757539, -93.19587886672998 44.98146232757539, -93.19587886672998 44.98595892939401, -93.20222552105757 44.98595892939401, -93.20222552105757 44.98146232757539))"
762,"POLYGON ((-93.20222552105757 44.98595892939401, -93.19587886672998 44.98595892939401, -93.19587886672998 44.99045553121263, -93.20222552105757 44.99045553121263, -93.20222552105757 44.98595892939401))"
763,"POLYGON ((-93.20222552105757 44.99045553121263, -93.19587886672998 44.99045553121263, -93.19587886672998 44.99495213303125, -93.20222552105757 44.99495213303125, -93.20222552105757 44.99045553121263))"
764,"POLYGON ((-93.20222552105757 44.99495213303125, -93.19587886672998 44.99495213303125, -93.19587886672998 44.99944873484988, -93.20222552105757 44.99944873484988, -93.20222552105757 44.99495213303125))"
765,"POLYGON ((-93.20222552105757 44.99944873484988, -93.19587886672998 44.99944873484988, -93.19587886672998 45.0039453366685, -93.20222552105757 45.0039453366685, -93.20222552105757 44.99944873484988))"
766,"POLYGON ((-93.20222552105757 45.0039453366685, -93.19587886672998 45.0039453366685, -93.19587886672998 45.00844193848712, -93.20222552105757 45.00844193848712, -93.20222552105757 45.0039453366685))"
767,"POLYGON ((-93.20222552105757 45.00844193848712, -93.19587886672998 45.00844193848712, -93.19587886672998 45.01293854030575, -93.20222552105757 45.01293854030575, -93.20222552105757 45.00844193848712))"
768,"POLYGON ((-93.20222552105757 45.01293854030575, -93.19587886672998 45.01293854030575, -93.19587886672998 45.01743514212437, -93.20222552105757 45.01743514212437, -93.20222552105757 45.01293854030575))"
769,"POLYGON ((-93.20222552105757 45.01743514212437, -93.19587886672998 45.01743514212437, -93.19587886672998 45.02193174394299, -93.20222552105757 45.02193174394299, -93.20222552105757 45.01743514212437))"
770,"POLYGON ((-93.20222552105757 45.02193174394299, -93.19587886672998 45.02193174394299, -93.19587886672998 45.02642834576162, -93.20222552105757 45.02642834576162, -93.20222552105757 45.02193174394299))"
771,"POLYGON ((-93.20222552105757 45.02642834576162, -93.19587886672998 45.02642834576162, -93.19587886672998 45.03092494758024, -93.20222552105757 45.03092494758024, -93.20222552105757 45.02642834576162))"
772,"POLYGON ((-93.20222552105757 45.03092494758024, -93.19587886672998 45.03092494758024, -93.19587886672998 45.03542154939886, -93.20222552105757 45.03542154939886, -93.20222552105757 45.03092494758024))"
773,"POLYGON ((-93.20222552105757 45.03542154939886, -93.19587886672998 45.03542154939886, -93.19587886672998 45.03991815121748, -93.20222552105757 45.03991815121748, -93.20222552105757 45.03542154939886))"
774,"POLYGON ((-93.20222552105757 45.03991815121748, -93.19587886672998 45.03991815121748, -93.19587886672998 45.04441475303611, -93.20222552105757 45.04441475303611, -93.20222552105757 45.03991815121748))"
775,"POLYGON ((-93.20222552105757 45.04441475303611, -93.19587886672998 45.04441475303611, -93.19587886672998 45.04891135485473, -93.20222552105757 45.04891135485473, -93.20222552105757 45.04441475303611))"
776,"POLYGON ((-93.20222552105757 45.04891135485473, -93.19587886672998 45.04891135485473, -93.19587886672998 45.05340795667335, -93.20222552105757 45.05340795667335, -93.20222552105757 45.04891135485473))"
